********************************************************************************
STREME - Sensitive, Thorough, Rapid, Enriched Motif Elicitation
********************************************************************************
MEME version 5.4.1 (Release date: Sat Aug 21 19:23:23 2021 -0700)

For further information on how to interpret these results please access https://meme-suite.org/meme.
To get a copy of the MEME Suite software please access https://meme-suite.org.

********************************************************************************


********************************************************************************
REFERENCE
********************************************************************************
If you use this program in your research, please cite:

Timothy L. Bailey,
"STREME: accurate and versatile sequence motif discovery",
Bioinformatics, Mar. 24, 2021.
********************************************************************************


ALPHABET= ACGT

strands: + -

Background letter frequencies
A 0.295 C 0.205 G 0.205 T 0.295 

MOTIF 1-RTGASTCAY STREME-1
letter-probability matrix: alength= 4 w= 9 nsites= 4303 E= 1.6e-048
 0.428944 0.189194 0.374680 0.007182
 0.000028 0.003364 0.000020 0.996588
 0.000028 0.000020 0.949059 0.050893
 0.963631 0.000020 0.036321 0.000028
 0.044325 0.455675 0.455675 0.044325
 0.000028 0.036321 0.000020 0.963631
 0.050893 0.949059 0.000020 0.000028
 0.996588 0.000020 0.003364 0.000028
 0.007182 0.374680 0.189194 0.428944

MOTIF 2-AGYAAAYA STREME-2
letter-probability matrix: alength= 4 w= 8 nsites= 7187 E= 3.9e-043
 0.655945 0.000023 0.091078 0.252955
 0.240540 0.000023 0.759404 0.000033
 0.000033 0.428507 0.000023 0.571436
 0.965926 0.034018 0.000023 0.000033
 0.999921 0.000023 0.000023 0.000033
 0.993650 0.000023 0.006294 0.000033
 0.000033 0.503146 0.000023 0.496798
 0.981535 0.000023 0.018409 0.000033

MOTIF 3-AAGATGGCGGC STREME-3
letter-probability matrix: alength= 4 w= 11 nsites= 705 E= 2.3e-012
 0.892209 0.000070 0.107621 0.000100
 0.919871 0.079958 0.000070 0.000100
 0.104033 0.154335 0.736815 0.004817
 0.984068 0.009958 0.005873 0.000100
 0.000100 0.024306 0.000070 0.975523
 0.007176 0.028752 0.963972 0.000100
 0.000100 0.000070 0.999730 0.000100
 0.000100 0.999730 0.000070 0.000100
 0.032799 0.062375 0.845641 0.059185
 0.140802 0.117649 0.741449 0.000100
 0.188092 0.720424 0.034907 0.056577

MOTIF 4-CTGGGATTACAGGC STREME-4
letter-probability matrix: alength= 4 w= 14 nsites= 493 E= 6.7e-011
 0.006345 0.924681 0.012575 0.056399
 0.010516 0.010489 0.000062 0.978933
 0.076037 0.002147 0.919641 0.002174
 0.050141 0.002147 0.939281 0.008431
 0.038494 0.006318 0.944672 0.010516
 0.964335 0.000062 0.035515 0.000089
 0.000089 0.121033 0.000062 0.878817
 0.004260 0.020917 0.018831 0.955993
 0.995617 0.002147 0.002147 0.000089
 0.008431 0.905909 0.014660 0.071001
 0.972677 0.002147 0.018831 0.006345
 0.043885 0.008404 0.943452 0.004260
 0.056831 0.009269 0.919213 0.014687
 0.023895 0.750246 0.020917 0.204943

MOTIF 5-GCCGCCGCCGCC STREME-5
letter-probability matrix: alength= 4 w= 12 nsites= 762 E= 6.1e-010
 0.023258 0.020739 0.934346 0.021657
 0.006577 0.956254 0.013148 0.024020
 0.015236 0.923013 0.031373 0.030378
 0.008238 0.000059 0.986389 0.005315
 0.000468 0.935881 0.001323 0.062328
 0.008752 0.930589 0.023712 0.036948
 0.028120 0.000059 0.959979 0.011842
 0.000085 0.969099 0.004937 0.025879
 0.007943 0.956844 0.014550 0.020663
 0.045160 0.000059 0.932096 0.022685
 0.000741 0.991821 0.004464 0.002974
 0.010546 0.899637 0.043191 0.046625

MOTIF 6-AAAAAAAAAAAAA STREME-6
letter-probability matrix: alength= 4 w= 13 nsites= 798 E= 2.2e-008
 0.893212 0.000068 0.000068 0.106652
 0.999767 0.000068 0.000068 0.000097
 0.923720 0.010133 0.066049 0.000097
 0.985297 0.005255 0.009350 0.000097
 0.740679 0.005874 0.253350 0.000097
 0.766766 0.000068 0.072841 0.160326
 0.983875 0.000068 0.011542 0.004515
 0.792347 0.126559 0.064152 0.016941
 0.990366 0.000068 0.005713 0.003853
 0.837140 0.000068 0.162695 0.000097
 0.904281 0.000068 0.095554 0.000097
 0.985803 0.014032 0.000068 0.000097
 0.979419 0.020416 0.000068 0.000097

MOTIF 7-CCTCGGCCTCCCAAA STREME-7
letter-probability matrix: alength= 4 w= 15 nsites= 414 E= 2.6e-008
 0.006545 0.964382 0.003299 0.025774
 0.003341 0.961179 0.016117 0.019363
 0.000136 0.003299 0.022526 0.974039
 0.006545 0.746419 0.006504 0.240532
 0.206594 0.000095 0.786766 0.006545
 0.032182 0.000095 0.967587 0.000136
 0.000136 0.951566 0.016117 0.032181
 0.006545 0.948361 0.012912 0.032181
 0.016159 0.006504 0.023856 0.953482
 0.003341 0.977201 0.000095 0.019363
 0.000136 0.967588 0.006504 0.025772
 0.003341 0.953440 0.019321 0.023898
 0.892591 0.022526 0.075133 0.009750
 0.915028 0.027060 0.048162 0.009750
 0.882975 0.006504 0.103976 0.006545

MOTIF 8-CCCCACCC STREME-8
letter-probability matrix: alength= 4 w= 8 nsites= 5847 E= 9.1e-008
 0.014453 0.957943 0.000051 0.027553
 0.019553 0.978522 0.001851 0.000074
 0.000074 0.942106 0.003172 0.054649
 0.031694 0.914721 0.036292 0.017292
 0.634708 0.000051 0.243842 0.121399
 0.055671 0.933399 0.000051 0.010878
 0.000074 0.992877 0.006975 0.000074
 0.000074 0.999499 0.000354 0.000074

MOTIF 9-AGCCAAG STREME-9
letter-probability matrix: alength= 4 w= 7 nsites= 12435 E= 9.2e-008
 0.780501 0.004156 0.049286 0.166058
 0.011997 0.051583 0.934160 0.002260
 0.031810 0.944700 0.014551 0.008939
 0.052223 0.941530 0.003716 0.002532
 0.714522 0.171461 0.099311 0.014706
 0.960151 0.025924 0.000125 0.013799
 0.000180 0.003122 0.996353 0.000345

MOTIF 10-ACATTCCT STREME-10
letter-probability matrix: alength= 4 w= 8 nsites= 2420 E= 1.3e-004
 0.815172 0.000112 0.146453 0.038263
 0.000161 0.999566 0.000112 0.000161
 0.967833 0.006631 0.003867 0.021669
 0.000200 0.000112 0.000136 0.999552
 0.051362 0.005946 0.000649 0.942043
 0.016537 0.964829 0.018473 0.000161
 0.004377 0.880364 0.002321 0.112938
 0.263170 0.033807 0.010334 0.692689

********************************************************************************
Stopped because maximum number of motifs (10) reached.
********************************************************************************
COMMAND:	streme --oc bkgrnd_2mer_GATA3_without_123456_789_200bp_60NNN_streme_output --nmotifs 10 --objfun de --bfile hg38_bkgrnd_2mer.txt --dna --minw 3 --maxw 15 --p without_motifs_123456_789_200bpwindow_60NNN.fasta
********************************************************************************
CPU:		xanadu-42
********************************************************************************
FINALTIME:	7651.66 seconds
********************************************************************************
