********************************************************************************
STREME - Sensitive, Thorough, Rapid, Enriched Motif Elicitation
********************************************************************************
MEME version 5.4.1 (Release date: Sat Aug 21 19:23:23 2021 -0700)

For further information on how to interpret these results please access https://meme-suite.org/meme.
To get a copy of the MEME Suite software please access https://meme-suite.org.

********************************************************************************


********************************************************************************
REFERENCE
********************************************************************************
If you use this program in your research, please cite:

Timothy L. Bailey,
"STREME: accurate and versatile sequence motif discovery",
Bioinformatics, Mar. 24, 2021.
********************************************************************************


ALPHABET= ACGT

strands: + -

Background letter frequencies
A 0.295 C 0.205 G 0.205 T 0.295 

MOTIF 1-RTGASTCAY STREME-1
letter-probability matrix: alength= 4 w= 9 nsites= 4664 E= 5.4e-073
 0.464365 0.167666 0.351202 0.016768
 0.000021 0.000015 0.000015 0.999949
 0.000021 0.000015 0.938732 0.061232
 0.999949 0.000015 0.000015 0.000021
 0.053938 0.446062 0.446062 0.053938
 0.000021 0.000015 0.000015 0.999949
 0.061232 0.938732 0.000015 0.000021
 0.999949 0.000015 0.000015 0.000021
 0.016768 0.351202 0.167666 0.464365

MOTIF 2-NWWTRTTTRCTYW STREME-2
letter-probability matrix: alength= 4 w= 13 nsites= 6649 E= 9.2e-064
 0.324119 0.234932 0.168328 0.272622
 0.403980 0.158209 0.156505 0.281305
 0.385301 0.164483 0.169152 0.281065
 0.000008 0.013349 0.000005 0.986638
 0.443076 0.000005 0.556911 0.000008
 0.000008 0.000005 0.000005 0.999982
 0.000008 0.000005 0.000005 0.999982
 0.000008 0.000005 0.078027 0.921960
 0.534260 0.000005 0.465727 0.000008
 0.000008 0.725228 0.000005 0.274759
 0.284399 0.131431 0.006820 0.577351
 0.069560 0.283611 0.159870 0.486959
 0.504462 0.000005 0.021654 0.473879

MOTIF 3-WGGAATGYR STREME-3
letter-probability matrix: alength= 4 w= 9 nsites= 2989 E= 1.2e-016
 0.571386 0.000047 0.000047 0.428520
 0.106296 0.000047 0.893590 0.000068
 0.000068 0.000047 0.999818 0.000068
 0.886761 0.000047 0.000047 0.113145
 0.999839 0.000047 0.000047 0.000068
 0.000068 0.000047 0.000047 0.999839
 0.000068 0.006326 0.821125 0.172481
 0.000068 0.404628 0.000047 0.595257
 0.396056 0.038073 0.421333 0.144538

MOTIF 4-GCTGGGATTACAGGC STREME-4
letter-probability matrix: alength= 4 w= 15 nsites= 458 E= 4.1e-012
 0.041170 0.012150 0.936915 0.009766
 0.000103 0.946576 0.000071 0.053249
 0.000103 0.009734 0.000071 0.990092
 0.055664 0.009734 0.932083 0.002518
 0.019428 0.007318 0.948993 0.024260
 0.077407 0.004903 0.905509 0.012181
 0.953857 0.004903 0.024228 0.017012
 0.009766 0.174012 0.002487 0.813735
 0.004934 0.029060 0.009734 0.956272
 0.963519 0.004903 0.026644 0.004934
 0.000103 0.923198 0.006541 0.070158
 0.982845 0.000071 0.012150 0.004934
 0.060496 0.000071 0.932083 0.007350
 0.050833 0.019397 0.915172 0.014597
 0.031507 0.721891 0.007319 0.239283

MOTIF 5-CCCCWCCC STREME-5
letter-probability matrix: alength= 4 w= 8 nsites= 6939 E= 2.4e-009
 0.000133 0.999641 0.000092 0.000133
 0.000133 0.923398 0.076336 0.000133
 0.000133 0.999641 0.000092 0.000133
 0.088451 0.804190 0.027503 0.079856
 0.429265 0.000092 0.186553 0.384090
 0.000133 0.999641 0.000092 0.000133
 0.000133 0.999641 0.000092 0.000133
 0.000133 0.999641 0.000092 0.000133

MOTIF 6-GGAGGCTGAGGCAG STREME-6
letter-probability matrix: alength= 4 w= 14 nsites= 1681 E= 1.2e-008
 0.031150 0.045621 0.912773 0.010457
 0.023390 0.007836 0.955731 0.013043
 0.881669 0.088618 0.006323 0.023390
 0.016264 0.015596 0.957683 0.010457
 0.020803 0.007836 0.947971 0.023390
 0.013043 0.956170 0.011496 0.019290
 0.027730 0.231631 0.126981 0.613658
 0.064781 0.012570 0.914779 0.007870
 0.829875 0.134605 0.015157 0.020363
 0.025537 0.006323 0.955097 0.013043
 0.044084 0.005250 0.939137 0.011530
 0.015630 0.907459 0.014717 0.062194
 0.605160 0.053563 0.302367 0.038910
 0.013043 0.015596 0.950558 0.020803

MOTIF 7-AAACCGGTTT STREME-7
letter-probability matrix: alength= 4 w= 10 nsites= 977 E= 9.3e-007
 0.754117 0.041837 0.125846 0.078199
 0.965209 0.000101 0.023528 0.011163
 0.965647 0.000101 0.017471 0.016782
 0.000145 0.999610 0.000101 0.000145
 0.190792 0.546977 0.007146 0.255086
 0.255086 0.007146 0.546977 0.190792
 0.000145 0.000101 0.999610 0.000145
 0.016782 0.017471 0.000101 0.965647
 0.011163 0.023528 0.000101 0.965209
 0.078199 0.125846 0.041837 0.754117

MOTIF 8-CRAGRTCA STREME-8
letter-probability matrix: alength= 4 w= 8 nsites= 5802 E= 9.1e-006
 0.130886 0.588825 0.000065 0.280224
 0.484970 0.026232 0.465459 0.023339
 0.964715 0.014417 0.020775 0.000093
 0.011910 0.059552 0.921703 0.006835
 0.349814 0.000065 0.626172 0.023949
 0.000093 0.000065 0.003038 0.996804
 0.007963 0.905315 0.062950 0.023773
 0.828088 0.000065 0.171753 0.000093

MOTIF 9-CYGTCTCWAAAAAAA STREME-9
letter-probability matrix: alength= 4 w= 15 nsites= 320 E= 5.3e-005
 0.000142 0.901666 0.000098 0.098094
 0.013461 0.574283 0.006758 0.405498
 0.257934 0.000098 0.728506 0.013461
 0.006801 0.053376 0.003428 0.936394
 0.000142 0.996288 0.000098 0.003472
 0.006801 0.003428 0.010088 0.979682
 0.013461 0.953000 0.016748 0.016791
 0.568701 0.050046 0.003428 0.377825
 0.969693 0.016748 0.010088 0.003472
 0.663319 0.313132 0.016748 0.006801
 0.689958 0.010088 0.003428 0.296526
 0.953043 0.026738 0.016748 0.003472
 0.943054 0.030067 0.020077 0.006801
 0.959703 0.003428 0.026737 0.010131
 0.937466 0.032325 0.000098 0.030110

MOTIF 10-CCAGCCTGGGCRACA STREME-10
letter-probability matrix: alength= 4 w= 15 nsites= 243 E= 3.8e-004
 0.004684 0.959051 0.013611 0.022655
 0.000191 0.950064 0.000133 0.049612
 0.981572 0.000133 0.013611 0.004684
 0.018162 0.000133 0.981514 0.000191
 0.000191 0.959050 0.000133 0.040626
 0.009177 0.914124 0.063031 0.013669
 0.009177 0.022596 0.004626 0.963602
 0.009177 0.013611 0.972529 0.004684
 0.099031 0.000133 0.900645 0.000191
 0.063090 0.206817 0.716425 0.013669
 0.013669 0.801786 0.004626 0.179919
 0.512415 0.009118 0.478276 0.000191
 0.995050 0.000133 0.000133 0.004684
 0.004684 0.936587 0.009118 0.049611
 0.930288 0.004626 0.063031 0.002056

********************************************************************************
Stopped because maximum number of motifs (10) reached.
********************************************************************************
COMMAND:	streme --o bkgrnd_2mer_GATA3_without_123456_78_streme_output --nmotifs 10 --objfun de --bfile hg38_bkgrnd_2mer.txt --dna --minw 4 --maxw 15 --p without_motifs_123456_78.fasta
********************************************************************************
CPU:		xanadu-42
********************************************************************************
FINALTIME:	7217.44 seconds
********************************************************************************
