MEME version 5.4.1 (Release date: Sat Aug 21 19:23:23 2021 -0700)

ALPHABET= ACGT

strands: + -

A 0.295 C 0.205 G 0.205 T 0.295

MOTIF	WGATBDHRVAGATAA
letter-probability matrix: alength= 4 w= 15 nsites= 818 E= 2.3e-331 
 0.625917  0.003667  0.001222  0.369193 
 0.002445  0.008557  0.951100  0.037897 
 0.943765  0.008557  0.017115  0.030562 
 0.022005  0.040342  0.015892  0.921760 
 0.135697  0.289731  0.300733  0.273839 
 0.311736  0.149144  0.217604  0.321516 
 0.309291  0.202934  0.139364  0.348411 
 0.446210  0.106357  0.266504  0.180929 
 0.353301  0.259169  0.265281  0.122249 
 0.645477  0.034230  0.001222  0.319071 
 0.000000  0.000000  1.000000  0.000000 
 1.000000  0.000000  0.000000  0.000000 
 0.000000  0.000000  0.000000  1.000000 
 0.849633  0.000000  0.000000  0.150367 
 0.764059  0.015892  0.133252  0.086797 

