********************************************************************************
STREME - Sensitive, Thorough, Rapid, Enriched Motif Elicitation
********************************************************************************
MEME version 5.4.1 (Release date: Sat Aug 21 19:23:23 2021 -0700)

For further information on how to interpret these results please access https://meme-suite.org/meme.
To get a copy of the MEME Suite software please access https://meme-suite.org.

********************************************************************************


********************************************************************************
REFERENCE
********************************************************************************
If you use this program in your research, please cite:

Timothy L. Bailey,
"STREME: accurate and versatile sequence motif discovery",
Bioinformatics, Mar. 24, 2021.
********************************************************************************


ALPHABET= ACGT

strands: + -

Background letter frequencies
A 0.295 C 0.205 G 0.205 T 0.295 

MOTIF 1-RTGASTCAY STREME-1
letter-probability matrix: alength= 4 w= 9 nsites= 4664 E= 5.4e-073
 0.464365 0.167666 0.351202 0.016768
 0.000021 0.000015 0.000015 0.999949
 0.000021 0.000015 0.938732 0.061232
 0.999949 0.000015 0.000015 0.000021
 0.053938 0.446062 0.446062 0.053938
 0.000021 0.000015 0.000015 0.999949
 0.061232 0.938732 0.000015 0.000021
 0.999949 0.000015 0.000015 0.000021
 0.016768 0.351202 0.167666 0.464365

MOTIF 2-NWWTRTTTRCTYW STREME-2
letter-probability matrix: alength= 4 w= 13 nsites= 6649 E= 9.2e-064
 0.324119 0.234932 0.168328 0.272622
 0.403980 0.158209 0.156505 0.281305
 0.385301 0.164483 0.169152 0.281065
 0.000008 0.013349 0.000005 0.986638
 0.443076 0.000005 0.556911 0.000008
 0.000008 0.000005 0.000005 0.999982
 0.000008 0.000005 0.000005 0.999982
 0.000008 0.000005 0.078027 0.921960
 0.534260 0.000005 0.465727 0.000008
 0.000008 0.725228 0.000005 0.274759
 0.284399 0.131431 0.006820 0.577351
 0.069560 0.283611 0.159870 0.486959
 0.504462 0.000005 0.021654 0.473879

MOTIF 3-WGGAATGYR STREME-3
letter-probability matrix: alength= 4 w= 9 nsites= 2993 E= 1.2e-016
 0.571183 0.000047 0.000047 0.428723
 0.106117 0.000047 0.893769 0.000067
 0.000067 0.000047 0.999819 0.000067
 0.883187 0.000047 0.000047 0.116720
 0.999839 0.000047 0.000047 0.000067
 0.000067 0.000047 0.000047 0.999839
 0.000067 0.006296 0.822339 0.171298
 0.000067 0.404243 0.000047 0.595643
 0.393797 0.037491 0.424868 0.143843

MOTIF 4-TAATCCCAGCACTTTGGGA STREME-4
letter-probability matrix: alength= 4 w= 19 nsites= 429 E= 4.1e-012
 0.005181 0.038126 0.005148 0.951544
 0.946471 0.007685 0.038126 0.007718
 0.801877 0.002612 0.190330 0.005181
 0.015328 0.033052 0.000075 0.951545
 0.010255 0.900776 0.015295 0.073674
 0.022939 0.933754 0.010222 0.033085
 0.000108 0.915996 0.010222 0.073674
 0.976912 0.005148 0.012759 0.005181
 0.063527 0.010222 0.921070 0.005181
 0.015328 0.946438 0.010222 0.028012
 0.644599 0.015295 0.020369 0.319737
 0.301980 0.629345 0.030516 0.038159
 0.000108 0.324778 0.007685 0.667429
 0.012791 0.055883 0.020369 0.910957
 0.007718 0.246140 0.015295 0.730847
 0.144702 0.038126 0.796771 0.020402
 0.058453 0.005148 0.921071 0.015328
 0.053379 0.005148 0.941365 0.000108
 0.959155 0.005148 0.012759 0.022938

MOTIF 5-CCCCWCCC STREME-5
letter-probability matrix: alength= 4 w= 8 nsites= 6937 E= 2.9e-009
 0.000133 0.999641 0.000093 0.000133
 0.000133 0.924049 0.075685 0.000133
 0.000133 0.999641 0.000093 0.000133
 0.088609 0.803841 0.027552 0.079998
 0.429859 0.000093 0.186886 0.383163
 0.000133 0.999641 0.000093 0.000133
 0.000133 0.999641 0.000093 0.000133
 0.000133 0.999641 0.000093 0.000133

MOTIF 6-AAACCGGTTT STREME-6
letter-probability matrix: alength= 4 w= 10 nsites= 977 E= 9.3e-007
 0.754117 0.041837 0.125846 0.078199
 0.965209 0.000101 0.023528 0.011163
 0.965647 0.000101 0.017471 0.016782
 0.000145 0.999610 0.000101 0.000145
 0.190792 0.546977 0.007146 0.255086
 0.255086 0.007146 0.546977 0.190792
 0.000145 0.000101 0.999610 0.000145
 0.016782 0.017471 0.000101 0.965647
 0.011163 0.023528 0.000101 0.965209
 0.078199 0.125846 0.041837 0.754117

MOTIF 7-CRAGRTCA STREME-7
letter-probability matrix: alength= 4 w= 8 nsites= 5801 E= 9.1e-006
 0.130971 0.589211 0.000065 0.279753
 0.485288 0.026249 0.465109 0.023354
 0.964692 0.014426 0.020789 0.000093
 0.011918 0.059591 0.921652 0.006840
 0.349389 0.000065 0.626581 0.023965
 0.000093 0.000065 0.003039 0.996802
 0.007968 0.905253 0.062991 0.023788
 0.827976 0.000065 0.171866 0.000093

MOTIF 8-CAGGCGTGAGCCACC STREME-8
letter-probability matrix: alength= 4 w= 15 nsites= 289 E= 1.5e-005
 0.008576 0.928138 0.000124 0.063162
 0.944988 0.012721 0.042112 0.000179
 0.054763 0.004323 0.940735 0.000179
 0.067360 0.004323 0.928138 0.000179
 0.004378 0.818963 0.004323 0.172337
 0.222729 0.016920 0.743377 0.016974
 0.000179 0.092499 0.000124 0.907198
 0.042167 0.046312 0.894547 0.016974
 0.831618 0.088300 0.016919 0.063162
 0.042167 0.004323 0.953331 0.000179
 0.000179 0.991121 0.008522 0.000179
 0.025372 0.953331 0.004323 0.016974
 0.965982 0.000124 0.021118 0.012775
 0.000179 0.949132 0.012721 0.037968
 0.008576 0.705588 0.025317 0.260519

MOTIF 9-CCAGCCTGGGCRACA STREME-9
letter-probability matrix: alength= 4 w= 15 nsites= 243 E= 3.8e-004
 0.004684 0.959051 0.013611 0.022655
 0.000191 0.950064 0.000133 0.049612
 0.981572 0.000133 0.013611 0.004684
 0.018162 0.000133 0.981514 0.000191
 0.000191 0.959050 0.000133 0.040626
 0.009177 0.914124 0.063031 0.013669
 0.009177 0.022596 0.004626 0.963602
 0.009177 0.013611 0.972529 0.004684
 0.099031 0.000133 0.900645 0.000191
 0.063090 0.206817 0.716425 0.013669
 0.013669 0.801786 0.004626 0.179919
 0.512415 0.009118 0.478276 0.000191
 0.995050 0.000133 0.000133 0.004684
 0.004684 0.936587 0.009118 0.049611
 0.930288 0.004626 0.063031 0.002056

MOTIF 10-GTAAATA STREME-10
letter-probability matrix: alength= 4 w= 7 nsites= 5194 E= 6.2e-004
 0.036821 0.000106 0.868063 0.095010
 0.000153 0.232091 0.091706 0.676050
 0.959971 0.039769 0.000106 0.000153
 0.908687 0.063016 0.028145 0.000153
 0.989133 0.010607 0.000106 0.000153
 0.000153 0.188059 0.000106 0.811682
 0.940468 0.000106 0.059273 0.000153

********************************************************************************
Stopped because maximum number of motifs (10) reached.
********************************************************************************
COMMAND:	streme --o bkgrnd_2mer_GATA3_without_123456_78_streme_output2 --nmotifs 10 --objfun de --bfile hg38_bkgrnd_2mer.txt --dna --minw 3 --maxw 20 --p without_motifs_123456_78.fasta
********************************************************************************
CPU:		xanadu-40
********************************************************************************
FINALTIME:	5744.95 seconds
********************************************************************************
