********************************************************************************
STREME - Sensitive, Thorough, Rapid, Enriched Motif Elicitation
********************************************************************************
MEME version 5.4.1 (Release date: Sat Aug 21 19:23:23 2021 -0700)

For further information on how to interpret these results please access https://meme-suite.org/meme.
To get a copy of the MEME Suite software please access https://meme-suite.org.

********************************************************************************


********************************************************************************
REFERENCE
********************************************************************************
If you use this program in your research, please cite:

Timothy L. Bailey,
"STREME: accurate and versatile sequence motif discovery",
Bioinformatics, Mar. 24, 2021.
********************************************************************************


ALPHABET= ACGT

strands: + -

Background letter frequencies
A 0.295 C 0.205 G 0.205 T 0.295 

MOTIF 1-RTGASTCAY STREME-1
letter-probability matrix: alength= 4 w= 9 nsites= 3029 E= 4.0e-025
 0.427114 0.196221 0.355719 0.020946
 0.000039 0.005578 0.000027 0.994356
 0.000039 0.000027 0.937693 0.062241
 0.957834 0.005094 0.037033 0.000039
 0.051586 0.448414 0.448414 0.051586
 0.000039 0.037033 0.005094 0.957834
 0.062241 0.937693 0.000027 0.000039
 0.994356 0.000027 0.005578 0.000039
 0.020946 0.355719 0.196221 0.427114

MOTIF 2-AGYAAAYA STREME-2
letter-probability matrix: alength= 4 w= 8 nsites= 4922 E= 3.3e-019
 0.591936 0.000034 0.178676 0.229355
 0.260820 0.006016 0.733115 0.000049
 0.000049 0.399633 0.017707 0.582611
 0.999883 0.000034 0.000034 0.000049
 0.995754 0.000034 0.004163 0.000049
 0.989393 0.000034 0.010524 0.000049
 0.000049 0.431839 0.000034 0.568078
 0.994486 0.000034 0.005431 0.000049

MOTIF 3-CCCCRCCC STREME-3
letter-probability matrix: alength= 4 w= 8 nsites= 2980 E= 2.8e-012
 0.000143 0.999614 0.000100 0.000143
 0.000143 0.999614 0.000100 0.000143
 0.157111 0.842645 0.000100 0.000143
 0.000143 0.955412 0.044301 0.000143
 0.529733 0.000100 0.318669 0.151498
 0.000143 0.999614 0.000100 0.000143
 0.000143 0.999614 0.000100 0.000143
 0.000143 0.999614 0.000100 0.000143

MOTIF 4-GGAGGCTGAGGC STREME-4
letter-probability matrix: alength= 4 w= 12 nsites= 1743 E= 4.2e-010
 0.030128 0.069610 0.881162 0.019101
 0.040283 0.017011 0.935473 0.007234
 0.751359 0.180531 0.029019 0.039091
 0.069477 0.030351 0.880074 0.020098
 0.044546 0.016680 0.905824 0.032951
 0.023260 0.928144 0.019389 0.029207
 0.069245 0.186736 0.198546 0.545473
 0.043838 0.020631 0.926310 0.009222
 0.707855 0.220675 0.036926 0.034544
 0.040329 0.032753 0.902399 0.024520
 0.044007 0.015623 0.923383 0.016987
 0.023922 0.846028 0.015726 0.114323

MOTIF 5-AGGAAG STREME-5
letter-probability matrix: alength= 4 w= 6 nsites= 14134 E= 2.7e-009
 0.806846 0.000148 0.192793 0.000213
 0.000213 0.000148 0.999425 0.000213
 0.000213 0.000148 0.999425 0.000213
 0.958617 0.000148 0.000148 0.041087
 0.999490 0.000148 0.000148 0.000213
 0.239340 0.000148 0.639299 0.121213

MOTIF 6-ACYCYGTCTCWAMWAAAAA STREME-6
letter-probability matrix: alength= 4 w= 19 nsites= 204 E= 1.8e-008
 0.935510 0.046644 0.000172 0.017674
 0.017674 0.854110 0.029216 0.099000
 0.011865 0.430040 0.000172 0.557923
 0.011865 0.900582 0.023407 0.064145
 0.035101 0.586891 0.023408 0.354601
 0.250038 0.035025 0.708880 0.006056
 0.017674 0.035025 0.005981 0.941320
 0.017674 0.970289 0.011790 0.000247
 0.000247 0.000172 0.005981 0.993600
 0.017674 0.894773 0.023408 0.064145
 0.540496 0.017599 0.017599 0.424306
 0.993600 0.000172 0.005981 0.000247
 0.598586 0.360333 0.005981 0.035101
 0.621821 0.035025 0.023407 0.319746
 0.964556 0.017599 0.011790 0.006056
 0.958747 0.040834 0.000172 0.000247
 0.947129 0.017599 0.017599 0.017674
 0.935511 0.011790 0.029216 0.023483
 0.912275 0.035025 0.052452 0.000247

MOTIF 7-CCAGCCTGGGCRACA STREME-7
letter-probability matrix: alength= 4 w= 15 nsites= 295 E= 2.9e-007
 0.008280 0.938727 0.020389 0.032604
 0.004226 0.971158 0.000120 0.024496
 0.991480 0.008228 0.000120 0.000173
 0.024496 0.000120 0.918456 0.056929
 0.004226 0.942781 0.012281 0.040711
 0.000173 0.946835 0.028497 0.024496
 0.000173 0.052820 0.020389 0.926619
 0.046447 0.004174 0.949206 0.000173
 0.056927 0.004174 0.938727 0.000173
 0.024496 0.270441 0.692729 0.012334
 0.000173 0.736000 0.004174 0.259653
 0.550241 0.013964 0.431569 0.004226
 0.952246 0.008228 0.039354 0.000173
 0.004226 0.934673 0.008228 0.052873
 0.898242 0.016335 0.073089 0.012334

MOTIF 8-WGATDWHATCW STREME-8
letter-probability matrix: alength= 4 w= 11 nsites= 695 E= 1.2e-006
 0.398607 0.071890 0.091298 0.438205
 0.000092 0.000064 0.999751 0.000092
 0.999780 0.000064 0.000064 0.000092
 0.000092 0.000064 0.000064 0.999780
 0.366831 0.154465 0.240860 0.237844
 0.344015 0.155985 0.155985 0.344015
 0.237844 0.240860 0.154465 0.366831
 0.999780 0.000064 0.000064 0.000092
 0.000092 0.000064 0.000064 0.999780
 0.000092 0.999751 0.000064 0.000092
 0.438205 0.091298 0.071890 0.398607

MOTIF 9-GAGATAA STREME-9
letter-probability matrix: alength= 4 w= 7 nsites= 4740 E= 1.4e-005
 0.189229 0.101511 0.602978 0.106282
 0.978772 0.000511 0.000411 0.020306
 0.038474 0.000331 0.958281 0.002915
 0.992372 0.001771 0.004925 0.000932
 0.000129 0.003260 0.000090 0.996521
 0.836886 0.020122 0.074490 0.068503
 0.943796 0.025201 0.026996 0.004007

MOTIF 10-CCTGTAATCCCAG STREME-10
letter-probability matrix: alength= 4 w= 13 nsites= 281 E= 2.4e-004
 0.003999 0.932756 0.015457 0.047787
 0.003999 0.949693 0.007785 0.038523
 0.003999 0.011621 0.003949 0.980430
 0.088397 0.011621 0.895983 0.003999
 0.000163 0.007785 0.000113 0.991938
 0.957415 0.011621 0.015457 0.015507
 0.869179 0.000113 0.126708 0.003999
 0.000163 0.023129 0.000113 0.976594
 0.011671 0.926676 0.011621 0.050032
 0.000163 0.999560 0.000113 0.000163
 0.003999 0.921247 0.003949 0.070804
 0.976595 0.000113 0.011621 0.011671
 0.061541 0.007785 0.919003 0.011671

********************************************************************************
Stopped because maximum number of motifs (10) reached.
********************************************************************************
COMMAND:	streme --o GATA3_without_motifs_123456_78_161bpwindow_81NNN_streme_output --nmotifs 10 --objfun de --bfile hg38_bkgrnd.txt --dna --minw 4 --maxw 20 --p without_motifs_123456_78_161bpwindow_81NNN.fasta
********************************************************************************
CPU:		xanadu-43
********************************************************************************
FINALTIME:	3963.33 seconds
********************************************************************************
