********************************************************************************
STREME - Sensitive, Thorough, Rapid, Enriched Motif Elicitation
********************************************************************************
MEME version 5.4.1 (Release date: Sat Aug 21 19:23:23 2021 -0700)

For further information on how to interpret these results please access https://meme-suite.org/meme.
To get a copy of the MEME Suite software please access https://meme-suite.org.

********************************************************************************


********************************************************************************
REFERENCE
********************************************************************************
If you use this program in your research, please cite:

Timothy L. Bailey,
"STREME: accurate and versatile sequence motif discovery",
Bioinformatics, Mar. 24, 2021.
********************************************************************************


ALPHABET= ACGT

strands: + -

Background letter frequencies
A 0.295 C 0.205 G 0.205 T 0.295 

MOTIF 1-HWWTRTTTRCWYW STREME-1
letter-probability matrix: alength= 4 w= 13 nsites= 10594 E= 1.5e-085
 0.351603 0.227802 0.149633 0.270961
 0.414072 0.152920 0.135393 0.297615
 0.394448 0.183395 0.169564 0.252593
 0.000005 0.016654 0.000004 0.983337
 0.470850 0.000004 0.529140 0.000005
 0.000005 0.000004 0.000004 0.999987
 0.000005 0.000004 0.000004 0.999987
 0.000005 0.000004 0.063995 0.935995
 0.545193 0.000004 0.454797 0.000005
 0.005437 0.689749 0.000004 0.304810
 0.277864 0.165865 0.000646 0.555626
 0.088357 0.259646 0.159756 0.492241
 0.508279 0.000004 0.007984 0.483733

MOTIF 2-ATGASTCAT STREME-2
letter-probability matrix: alength= 4 w= 9 nsites= 5716 E= 3.3e-065
 0.691768 0.108711 0.173557 0.025963
 0.000886 0.001514 0.002745 0.994855
 0.000354 0.000776 0.957095 0.041775
 0.990725 0.003061 0.003075 0.003139
 0.035308 0.464692 0.464692 0.035308
 0.003139 0.003075 0.003061 0.990725
 0.041775 0.957095 0.000776 0.000354
 0.994855 0.002745 0.001514 0.000886
 0.025963 0.173557 0.108711 0.691768

MOTIF 3-WGGAATGT STREME-3
letter-probability matrix: alength= 4 w= 8 nsites= 6523 E= 5.0e-024
 0.513344 0.001946 0.030267 0.454443
 0.097906 0.001101 0.900945 0.000048
 0.017565 0.000033 0.982354 0.000048
 0.959543 0.000033 0.000033 0.040391
 0.999886 0.000033 0.000033 0.000048
 0.000048 0.002056 0.000033 0.997863
 0.000048 0.000033 0.826418 0.173502
 0.043867 0.302799 0.000033 0.653302

MOTIF 4-AGATAAM STREME-4
letter-probability matrix: alength= 4 w= 7 nsites= 6893 E= 1.1e-018
 0.999455 0.000430 0.000047 0.000068
 0.000068 0.000047 0.999817 0.000068
 0.999838 0.000047 0.000047 0.000068
 0.000068 0.000047 0.000047 0.999838
 0.970832 0.000047 0.000047 0.029074
 0.999838 0.000047 0.000047 0.000068
 0.459239 0.343091 0.000047 0.197623

MOTIF 5-CTGTAATCCCAGC STREME-5
letter-probability matrix: alength= 4 w= 13 nsites= 491 E= 3.4e-011
 0.011707 0.932403 0.000069 0.055821
 0.004742 0.009355 0.002390 0.983512
 0.048856 0.009355 0.941690 0.000099
 0.002420 0.036469 0.002390 0.958721
 0.971903 0.007034 0.020964 0.000099
 0.843978 0.002390 0.141924 0.011707
 0.005706 0.007034 0.002390 0.984870
 0.005706 0.925048 0.002390 0.066856
 0.020994 0.971873 0.007034 0.000099
 0.002420 0.917507 0.007997 0.072075
 0.997442 0.000069 0.002390 0.000099
 0.065110 0.000069 0.934275 0.000546
 0.014029 0.942085 0.005676 0.038210

MOTIF 6-CCTCRGCCTCCCAAA STREME-6
letter-probability matrix: alength= 4 w= 15 nsites= 360 E= 7.2e-008
 0.003468 0.963026 0.003425 0.030081
 0.000142 0.963025 0.000098 0.036735
 0.000142 0.000098 0.006752 0.993008
 0.003468 0.736775 0.006752 0.253005
 0.336185 0.010078 0.636962 0.016775
 0.013448 0.000098 0.982985 0.003468
 0.000142 0.973006 0.006752 0.020101
 0.010121 0.916452 0.016731 0.056695
 0.010121 0.006752 0.010078 0.973049
 0.000142 0.953045 0.000098 0.046715
 0.003468 0.946393 0.010078 0.040061
 0.003468 0.969679 0.006752 0.020101
 0.871855 0.004806 0.123197 0.000142
 0.925095 0.013405 0.061358 0.000142
 0.835261 0.003425 0.161173 0.000142

MOTIF 7-CRAGGTCA STREME-7
letter-probability matrix: alength= 4 w= 8 nsites= 9343 E= 2.3e-006
 0.109862 0.643297 0.064165 0.182676
 0.382833 0.027946 0.503745 0.085476
 0.941815 0.015913 0.042200 0.000071
 0.006217 0.099598 0.887892 0.006293
 0.201648 0.000050 0.794373 0.003930
 0.054185 0.000050 0.035166 0.910599
 0.028597 0.927678 0.041908 0.001817
 0.736326 0.001051 0.243795 0.018827

MOTIF 8-CCCCACCC STREME-8
letter-probability matrix: alength= 4 w= 8 nsites= 6711 E= 7.7e-006
 0.003252 0.960966 0.000711 0.035072
 0.010767 0.941946 0.001322 0.045965
 0.031275 0.896864 0.041221 0.030640
 0.024153 0.921871 0.015492 0.038484
 0.752244 0.000062 0.109143 0.138551
 0.008377 0.962776 0.000062 0.028785
 0.000089 0.979951 0.019871 0.000089
 0.000089 0.999311 0.000512 0.000089

MOTIF 9-CCAGCCTGGGCRACA STREME-9
letter-probability matrix: alength= 4 w= 15 nsites= 304 E= 1.7e-004
 0.012074 0.951925 0.012022 0.023979
 0.000169 0.920176 0.019959 0.059696
 0.936103 0.008054 0.031864 0.023979
 0.020011 0.008054 0.967798 0.004137
 0.008106 0.954246 0.009701 0.027947
 0.008106 0.924147 0.047737 0.020010
 0.012074 0.031864 0.021606 0.934456
 0.008106 0.039801 0.943988 0.008106
 0.063663 0.008054 0.924146 0.004137
 0.051758 0.108926 0.827242 0.012074
 0.027947 0.773336 0.008054 0.190663
 0.420864 0.012022 0.555039 0.012074
 0.959913 0.008054 0.015991 0.016042
 0.004137 0.955893 0.004086 0.035884
 0.906678 0.019959 0.059642 0.013721

MOTIF 10-AAACWGGTT STREME-10
letter-probability matrix: alength= 4 w= 9 nsites= 1113 E= 2.2e-003
 0.868213 0.029808 0.096000 0.005979
 0.967783 0.000105 0.027543 0.004569
 0.984493 0.000207 0.010021 0.005280
 0.000151 0.994569 0.000105 0.005175
 0.519411 0.139813 0.008858 0.331918
 0.024130 0.008451 0.967268 0.000151
 0.000151 0.000105 0.999593 0.000151
 0.016355 0.000105 0.000105 0.983435
 0.007184 0.045728 0.000105 0.946984

********************************************************************************
Stopped because maximum number of motifs (10) reached.
********************************************************************************
COMMAND:	streme --o GATA3_without_123456_streme_output --nmotifs 10 --objfun de --bfile hg38_bkgrnd.txt --dna --minw 4 --maxw 15 --p without_motifs_123456.fasta
********************************************************************************
CPU:		xanadu-66
********************************************************************************
FINALTIME:	3120.50 seconds
********************************************************************************
