********************************************************************************
STREME - Sensitive, Thorough, Rapid, Enriched Motif Elicitation
********************************************************************************
MEME version 5.4.1 (Release date: Sat Aug 21 19:23:23 2021 -0700)

For further information on how to interpret these results please access https://meme-suite.org/meme.
To get a copy of the MEME Suite software please access https://meme-suite.org.

********************************************************************************


********************************************************************************
REFERENCE
********************************************************************************
If you use this program in your research, please cite:

Timothy L. Bailey,
"STREME: accurate and versatile sequence motif discovery",
Bioinformatics, Mar. 24, 2021.
********************************************************************************


ALPHABET= ACGT

strands: + -

Background letter frequencies
A 0.295 C 0.205 G 0.205 T 0.295 

MOTIF 1-RTGASTCAY STREME-1
letter-probability matrix: alength= 4 w= 9 nsites= 4303 E= 1.6e-048
 0.428944 0.189194 0.374680 0.007182
 0.000028 0.003364 0.000020 0.996588
 0.000028 0.000020 0.949059 0.050893
 0.963631 0.000020 0.036321 0.000028
 0.044325 0.455675 0.455675 0.044325
 0.000028 0.036321 0.000020 0.963631
 0.050893 0.949059 0.000020 0.000028
 0.996588 0.000020 0.003364 0.000028
 0.007182 0.374680 0.189194 0.428944

MOTIF 2-AGYAAAYA STREME-2
letter-probability matrix: alength= 4 w= 8 nsites= 7187 E= 3.9e-043
 0.655945 0.000023 0.091078 0.252955
 0.240540 0.000023 0.759404 0.000033
 0.000033 0.428507 0.000023 0.571436
 0.965926 0.034018 0.000023 0.000033
 0.999921 0.000023 0.000023 0.000033
 0.993650 0.000023 0.006294 0.000033
 0.000033 0.503146 0.000023 0.496798
 0.981535 0.000023 0.018409 0.000033

MOTIF 3-ASWCCAGCCTGGSCAACAK STREME-3
letter-probability matrix: alength= 4 w= 19 nsites= 344 E= 3.3e-011
 0.983282 0.000097 0.003374 0.013247
 0.029632 0.386801 0.540827 0.042740
 0.580193 0.000097 0.000097 0.419613
 0.013247 0.907869 0.026313 0.052571
 0.006693 0.953747 0.009928 0.029632
 0.980005 0.000097 0.009928 0.009970
 0.019801 0.000097 0.888204 0.091897
 0.000139 0.937361 0.023036 0.039464
 0.013247 0.930808 0.016482 0.039463
 0.003416 0.016482 0.006651 0.973451
 0.052571 0.006651 0.940639 0.000139
 0.091897 0.003374 0.904590 0.000139
 0.013247 0.442515 0.530990 0.013247
 0.016524 0.780060 0.009928 0.193488
 0.717832 0.003374 0.278655 0.000139
 0.973451 0.003374 0.016482 0.006693
 0.026355 0.871822 0.032867 0.068956
 0.898080 0.019759 0.075467 0.006693
 0.105005 0.082023 0.337644 0.475328

MOTIF 4-GCCGCCGCCGCC STREME-4
letter-probability matrix: alength= 4 w= 12 nsites= 762 E= 6.1e-010
 0.023258 0.020739 0.934346 0.021657
 0.006577 0.956254 0.013148 0.024020
 0.015236 0.923013 0.031373 0.030378
 0.008238 0.000059 0.986389 0.005315
 0.000468 0.935881 0.001323 0.062328
 0.008752 0.930589 0.023712 0.036948
 0.028120 0.000059 0.959979 0.011842
 0.000085 0.969099 0.004937 0.025879
 0.007943 0.956844 0.014550 0.020663
 0.045160 0.000059 0.932096 0.022685
 0.000741 0.991821 0.004464 0.002974
 0.010546 0.899637 0.043191 0.046625

MOTIF 5-GATCRCYTGAGSYCAGGA STREME-5
letter-probability matrix: alength= 4 w= 18 nsites= 316 E= 2.6e-009
 0.237610 0.021370 0.740870 0.000151
 0.957110 0.010737 0.032002 0.000151
 0.000151 0.014281 0.000105 0.985463
 0.000151 0.755048 0.000105 0.244697
 0.567254 0.021370 0.400593 0.010783
 0.003695 0.925165 0.014281 0.056859
 0.014327 0.329735 0.014281 0.641656
 0.000151 0.003649 0.010737 0.985463
 0.032048 0.024914 0.932255 0.010783
 0.967742 0.000105 0.028458 0.003695
 0.230521 0.010737 0.744414 0.014327
 0.017871 0.460846 0.503411 0.017871
 0.000151 0.524641 0.021370 0.453838
 0.017871 0.861372 0.000105 0.120652
 0.712563 0.010737 0.269460 0.007239
 0.024960 0.014281 0.960608 0.000151
 0.053313 0.014281 0.925167 0.007239
 0.957110 0.000105 0.028458 0.014327

MOTIF 6-AAGATGGCGGC STREME-6
letter-probability matrix: alength= 4 w= 11 nsites= 520 E= 3.4e-009
 0.928275 0.000077 0.070334 0.001313
 0.936805 0.060398 0.002686 0.000111
 0.109850 0.134180 0.750642 0.005328
 0.982378 0.011014 0.006496 0.000111
 0.002719 0.010202 0.000077 0.987001
 0.007937 0.013120 0.978833 0.000111
 0.000111 0.000077 0.999198 0.000614
 0.000111 0.990629 0.000077 0.009183
 0.036278 0.060449 0.836728 0.066545
 0.104644 0.103809 0.791436 0.000111
 0.168539 0.760727 0.030784 0.039951

MOTIF 7-CCCGCCTCRGCCTCCCAA STREME-7
letter-probability matrix: alength= 4 w= 18 nsites= 354 E= 4.4e-009
 0.006282 0.935065 0.012392 0.046261
 0.003206 0.956592 0.003166 0.037035
 0.018583 0.673642 0.018543 0.289231
 0.292300 0.003166 0.689026 0.015508
 0.000131 0.959667 0.006242 0.033960
 0.003206 0.947366 0.015468 0.033960
 0.000131 0.015468 0.015468 0.968934
 0.015508 0.762835 0.006242 0.215415
 0.335357 0.000091 0.649044 0.015508
 0.033960 0.000091 0.965818 0.000131
 0.000131 0.965818 0.006242 0.027809
 0.009357 0.944291 0.003166 0.043186
 0.003206 0.006242 0.021618 0.968934
 0.000131 0.965818 0.003166 0.030884
 0.003206 0.953517 0.003166 0.040111
 0.018583 0.892009 0.021619 0.067790
 0.787483 0.012392 0.193843 0.006282
 0.941255 0.021618 0.030845 0.006282

MOTIF 8-CCTGTAATCCCAGCACT STREME-8
letter-probability matrix: alength= 4 w= 17 nsites= 492 E= 9.8e-009
 0.013239 0.920871 0.015402 0.050488
 0.002284 0.949354 0.006638 0.041724
 0.013239 0.015402 0.000065 0.971294
 0.078977 0.011020 0.905528 0.004475
 0.000093 0.024166 0.006638 0.969103
 0.955956 0.021975 0.013211 0.008857
 0.916507 0.000065 0.083335 0.000093
 0.002284 0.028548 0.004447 0.964721
 0.015430 0.920871 0.011020 0.052679
 0.011048 0.936208 0.002256 0.050487
 0.002284 0.905531 0.008829 0.083356
 0.971294 0.002256 0.017593 0.008857
 0.074590 0.006638 0.916488 0.002284
 0.024195 0.918680 0.015402 0.041723
 0.813520 0.008829 0.032930 0.144721
 0.146912 0.813492 0.011020 0.028577
 0.004475 0.162221 0.013211 0.820093

MOTIF 9-AAAAAAAAAAAAA STREME-9
letter-probability matrix: alength= 4 w= 13 nsites= 798 E= 2.2e-008
 0.893212 0.000068 0.000068 0.106652
 0.999767 0.000068 0.000068 0.000097
 0.923720 0.010133 0.066049 0.000097
 0.985297 0.005255 0.009350 0.000097
 0.740679 0.005874 0.253350 0.000097
 0.766766 0.000068 0.072841 0.160326
 0.983875 0.000068 0.011542 0.004515
 0.792347 0.126559 0.064152 0.016941
 0.990366 0.000068 0.005713 0.003853
 0.837140 0.000068 0.162695 0.000097
 0.904281 0.000068 0.095554 0.000097
 0.985803 0.014032 0.000068 0.000097
 0.979419 0.020416 0.000068 0.000097

MOTIF 10-CCCCACCC STREME-10
letter-probability matrix: alength= 4 w= 8 nsites= 5847 E= 9.1e-008
 0.014453 0.957943 0.000051 0.027553
 0.019553 0.978522 0.001851 0.000074
 0.000074 0.942106 0.003172 0.054649
 0.031694 0.914721 0.036292 0.017292
 0.634708 0.000051 0.243842 0.121399
 0.055671 0.933399 0.000051 0.010878
 0.000074 0.992877 0.006975 0.000074
 0.000074 0.999499 0.000354 0.000074

********************************************************************************
Stopped because maximum number of motifs (10) reached.
********************************************************************************
COMMAND:	streme --oc bkgrnd_2mer_GATA3_without_123456_789_200bp_60NNN_streme_output2 --nmotifs 10 --objfun de --bfile hg38_bkgrnd_2mer.txt --dna --minw 3 --maxw 20 --p without_motifs_123456_789_200bpwindow_60NNN.fasta
********************************************************************************
CPU:		xanadu-06
********************************************************************************
FINALTIME:	3207.24 seconds
********************************************************************************
