********************************************************************************
STREME - Sensitive, Thorough, Rapid, Enriched Motif Elicitation
********************************************************************************
MEME version 5.4.1 (Release date: Sat Aug 21 19:23:23 2021 -0700)

For further information on how to interpret these results please access https://meme-suite.org/meme.
To get a copy of the MEME Suite software please access https://meme-suite.org.

********************************************************************************


********************************************************************************
REFERENCE
********************************************************************************
If you use this program in your research, please cite:

Timothy L. Bailey,
"STREME: accurate and versatile sequence motif discovery",
Bioinformatics, Mar. 24, 2021.
********************************************************************************


ALPHABET= ACGT

strands: + -

Background letter frequencies
A 0.295 C 0.205 G 0.205 T 0.295 

MOTIF 1-CCCCRCCC STREME-1
letter-probability matrix: alength= 4 w= 8 nsites= 2434 E= 2.4e-005
 0.000180 0.999515 0.000125 0.000180
 0.000180 0.999515 0.000125 0.000180
 0.000180 0.974931 0.000125 0.024763
 0.139585 0.559366 0.171033 0.130017
 0.333451 0.000125 0.524025 0.142399
 0.000180 0.999515 0.000125 0.000180
 0.000180 0.933557 0.066083 0.000180
 0.000180 0.999515 0.000125 0.000180

MOTIF 2-CTCAGCCTC STREME-2
letter-probability matrix: alength= 4 w= 9 nsites= 759 E= 1.3e-003
 0.001433 0.955631 0.002962 0.039975
 0.008641 0.010386 0.134552 0.846421
 0.001761 0.982997 0.005640 0.009601
 0.552711 0.206979 0.197333 0.042977
 0.013634 0.010408 0.975609 0.000349
 0.013338 0.961100 0.016540 0.009022
 0.003396 0.890336 0.062705 0.043564
 0.031995 0.037854 0.060268 0.869882
 0.016125 0.961991 0.011163 0.010721

MOTIF 3-RTGAGTCA STREME-3
letter-probability matrix: alength= 4 w= 8 nsites= 657 E= 1.3e-003
 0.406505 0.170235 0.423047 0.000213
 0.000213 0.006542 0.000148 0.993097
 0.000213 0.000148 0.956770 0.042869
 0.993167 0.006473 0.000148 0.000213
 0.000213 0.034465 0.965110 0.000213
 0.000213 0.179847 0.000148 0.819792
 0.000213 0.999427 0.000148 0.000213
 0.980834 0.000148 0.018806 0.000213

MOTIF 4-AAATAA STREME-4
letter-probability matrix: alength= 4 w= 6 nsites= 12410 E= 2.4e-003
 0.991209 0.000165 0.000165 0.008461
 0.765746 0.000165 0.233851 0.000238
 0.882450 0.000165 0.117147 0.000238
 0.000238 0.323436 0.025691 0.650636
 0.887198 0.011415 0.101149 0.000238
 0.620899 0.130430 0.022187 0.226484

MOTIF 5-AAGATGGCGG STREME-5
letter-probability matrix: alength= 4 w= 10 nsites= 224 E= 5.3e-002
 0.908086 0.008729 0.061453 0.021731
 0.799601 0.161208 0.031745 0.007446
 0.167387 0.082127 0.714469 0.036016
 0.887034 0.055312 0.028781 0.028873
 0.000304 0.018357 0.007354 0.973986
 0.000304 0.089549 0.909844 0.000304
 0.000304 0.000211 0.992039 0.007446
 0.000304 0.969235 0.000211 0.030250
 0.022747 0.103171 0.814493 0.059589
 0.160404 0.028621 0.796386 0.014589

MOTIF 6-CCTGTAATCCCA STREME-6
letter-probability matrix: alength= 4 w= 12 nsites= 81 E= 1.6e-001
 0.000566 0.971867 0.000393 0.027173
 0.000566 0.985171 0.000393 0.013870
 0.000566 0.000393 0.000393 0.998647
 0.080391 0.000393 0.918649 0.000566
 0.000566 0.000393 0.000393 0.998647
 0.972040 0.013697 0.000393 0.013870
 0.905517 0.000393 0.093524 0.000566
 0.000566 0.013697 0.000393 0.985343
 0.013870 0.985171 0.000393 0.000566
 0.013870 0.958564 0.000393 0.027173
 0.000566 0.945259 0.000393 0.053782
 0.985343 0.000393 0.013697 0.000566

MOTIF 7-AACTCCTGACCT STREME-7
letter-probability matrix: alength= 4 w= 12 nsites= 63 E= 1.6e-001
 0.997988 0.000585 0.000585 0.000842
 0.780440 0.040139 0.000585 0.178837
 0.020619 0.918624 0.000585 0.060173
 0.000842 0.040139 0.000585 0.958435
 0.000842 0.898847 0.000585 0.099726
 0.000842 0.938401 0.000585 0.060173
 0.020619 0.020362 0.000585 0.958435
 0.000842 0.000585 0.997732 0.000842
 0.800218 0.000585 0.158802 0.040395
 0.060172 0.859293 0.079693 0.000842
 0.000842 0.977955 0.020362 0.000842
 0.000842 0.000585 0.000585 0.997988

MOTIF 8-AAAARAAAARAAA STREME-8
letter-probability matrix: alength= 4 w= 13 nsites= 323 E= 3.1e-001
 0.913954 0.020669 0.000190 0.065187
 0.921737 0.077799 0.000190 0.000274
 0.723194 0.013055 0.209346 0.054404
 0.675899 0.000190 0.323637 0.000274
 0.663219 0.000190 0.336317 0.000274
 0.963916 0.000190 0.035620 0.000274
 0.964513 0.000190 0.035023 0.000274
 0.749727 0.000190 0.249809 0.000274
 0.899640 0.000190 0.099896 0.000274
 0.610756 0.000190 0.388780 0.000274
 0.908437 0.000190 0.071802 0.019571
 0.892900 0.001929 0.092032 0.013139
 0.956557 0.021202 0.021967 0.000274

MOTIF 9-GGCTGGAGTGCA STREME-9
letter-probability matrix: alength= 4 w= 12 nsites= 71 E= 1.9e+000
 0.000649 0.015702 0.967750 0.015900
 0.015900 0.015702 0.967750 0.000649
 0.015900 0.967750 0.000451 0.015900
 0.000649 0.000451 0.030952 0.967947
 0.000649 0.015702 0.983000 0.000649
 0.000649 0.015702 0.983000 0.000649
 0.976869 0.015702 0.006780 0.000649
 0.122663 0.000451 0.876237 0.000649
 0.015900 0.046203 0.030952 0.906945
 0.015900 0.000451 0.967750 0.015900
 0.000649 0.952499 0.000451 0.046401
 0.861193 0.000451 0.122457 0.015900

MOTIF 10-CCTCCCAAAGTGCTGGGA STREME-10
letter-probability matrix: alength= 4 w= 18 nsites= 59 E= 3.4e+000
 0.022593 0.954173 0.022312 0.000922
 0.022593 0.867489 0.065653 0.044264
 0.044264 0.022312 0.043983 0.889442
 0.000922 0.910831 0.022312 0.065935
 0.044264 0.889160 0.043983 0.022593
 0.022593 0.845819 0.065653 0.065935
 0.802758 0.043983 0.152337 0.000922
 0.932783 0.000641 0.065653 0.000922
 0.781087 0.000641 0.152337 0.065935
 0.000922 0.087324 0.802476 0.109277
 0.130948 0.043983 0.022312 0.802758
 0.044264 0.065653 0.845819 0.044264
 0.000922 0.867489 0.065653 0.065935
 0.065935 0.043983 0.065653 0.824429
 0.065935 0.022312 0.889160 0.022593
 0.195961 0.043983 0.759134 0.000922
 0.109277 0.043983 0.845819 0.000922
 0.889442 0.022312 0.043983 0.044264

********************************************************************************
Stopped because maximum number of motifs (10) reached.
********************************************************************************
COMMAND:	streme --o GATA3_without_motifs_123456_78_181bpwindow_141NNN_streme_output --nmotifs 10 --objfun de --bfile hg38_bkgrnd.txt --dna --minw 4 --maxw 20 --p without_motifs_123456_78_181bpwindow_141NNN.fasta
********************************************************************************
CPU:		xanadu-73
********************************************************************************
FINALTIME:	421.86 seconds
********************************************************************************
