MEME version 5.4.1 (Release date: Sat Aug 21 19:23:23 2021 -0700)

ALPHABET= ACGT

strands: + -

A 0.295 C 0.205 G 0.205 T 0.295

MOTIF	AGATNDWNAGATARN
letter-probability matrix: alength= 4 w= 15 nsites= 1064 E= 1.8e-469 
 0.718985  0.017857  0.000000  0.263158 
 0.000000  0.000000  1.000000  0.000000 
 1.000000  0.000000  0.000000  0.000000 
 0.000940  0.000000  0.015038  0.984023 
 0.218045  0.192669  0.331767  0.257519 
 0.325188  0.120301  0.208647  0.345865 
 0.432331  0.157895  0.186090  0.223684 
 0.296992  0.262218  0.230263  0.210526 
 0.631579  0.031015  0.039474  0.297932 
 0.000000  0.000000  1.000000  0.000000 
 0.981203  0.000000  0.000000  0.018797 
 0.000000  0.000000  0.000000  1.000000 
 0.671992  0.013158  0.022556  0.292293 
 0.512218  0.071429  0.256579  0.159774 
 0.345865  0.187030  0.260338  0.206767 

