********************************************************************************
STREME - Sensitive, Thorough, Rapid, Enriched Motif Elicitation
********************************************************************************
MEME version 5.4.1 (Release date: Sat Aug 21 19:23:23 2021 -0700)

For further information on how to interpret these results please access https://meme-suite.org/meme.
To get a copy of the MEME Suite software please access https://meme-suite.org.

********************************************************************************


********************************************************************************
REFERENCE
********************************************************************************
If you use this program in your research, please cite:

Timothy L. Bailey,
"STREME: accurate and versatile sequence motif discovery",
Bioinformatics, Mar. 24, 2021.
********************************************************************************


ALPHABET= ACGT

strands: + -

Background letter frequencies
A 0.295 C 0.205 G 0.205 T 0.295 

MOTIF 1-NRTGASTCAYN STREME-1
letter-probability matrix: alength= 4 w= 11 nsites= 5808 E= 5.7e-073
 0.258983 0.188505 0.337774 0.214738
 0.410887 0.175523 0.395838 0.017751
 0.000012 0.006413 0.000008 0.993566
 0.000012 0.000008 0.938050 0.061930
 0.976949 0.001442 0.021597 0.000012
 0.028728 0.471272 0.471272 0.028728
 0.000012 0.021597 0.001442 0.976949
 0.061930 0.938050 0.000008 0.000012
 0.993566 0.000008 0.006413 0.000012
 0.017751 0.395838 0.175523 0.410887
 0.214738 0.337774 0.188505 0.258983

MOTIF 2-AAGYAAAYA STREME-2
letter-probability matrix: alength= 4 w= 9 nsites= 9186 E= 5.9e-068
 0.692116 0.073804 0.195229 0.038851
 0.698431 0.001876 0.090906 0.208787
 0.220462 0.003555 0.774157 0.001826
 0.007755 0.341902 0.003099 0.647245
 0.961030 0.038579 0.000011 0.000380
 0.992485 0.001839 0.005660 0.000016
 0.985358 0.007261 0.005680 0.001701
 0.000016 0.443860 0.000011 0.556112
 0.983459 0.000011 0.015822 0.000708

MOTIF 3-CCTGTAATCCCAGCACTTTG STREME-3
letter-probability matrix: alength= 4 w= 20 nsites= 794 E= 4.2e-026
 0.009970 0.910648 0.019861 0.059520
 0.008554 0.926222 0.004289 0.060935
 0.005723 0.009952 0.005705 0.978621
 0.085003 0.014199 0.895076 0.005723
 0.002892 0.025524 0.004289 0.967295
 0.947476 0.012783 0.029771 0.009970
 0.824308 0.001458 0.167096 0.007139
 0.015633 0.024109 0.005705 0.954554
 0.011386 0.910648 0.008536 0.069430
 0.017049 0.927637 0.004289 0.051026
 0.002892 0.909232 0.014199 0.073677
 0.971542 0.005705 0.012783 0.009970
 0.063767 0.007120 0.921974 0.007139
 0.022711 0.934716 0.007120 0.035452
 0.665747 0.015614 0.028356 0.290283
 0.286036 0.655819 0.025524 0.032621
 0.001476 0.312916 0.002873 0.682735
 0.009970 0.051007 0.018446 0.920577
 0.014217 0.225143 0.021277 0.739363
 0.137385 0.032603 0.808716 0.021296

MOTIF 4-AGGAATGTG STREME-4
letter-probability matrix: alength= 4 w= 9 nsites= 5216 E= 7.9e-022
 0.702720 0.000608 0.023378 0.273294
 0.100311 0.018328 0.879606 0.001755
 0.000054 0.004133 0.994003 0.001809
 0.933469 0.002023 0.002012 0.062496
 0.999870 0.000038 0.000038 0.000054
 0.008498 0.021868 0.004732 0.964902
 0.000054 0.033684 0.831686 0.134575
 0.060600 0.136357 0.002410 0.800633
 0.205665 0.101287 0.528561 0.164488

MOTIF 5-AGGCYGAGGCRGGMGGATC STREME-5
letter-probability matrix: alength= 4 w= 19 nsites= 625 E= 4.6e-019
 0.961579 0.012128 0.018162 0.008131
 0.044337 0.000059 0.943450 0.012154
 0.034280 0.008105 0.955518 0.002097
 0.000086 0.983678 0.002071 0.014165
 0.018188 0.462700 0.016151 0.502961
 0.148933 0.010117 0.834831 0.006120
 0.981693 0.002071 0.016151 0.000086
 0.044337 0.008105 0.945461 0.002097
 0.038303 0.000059 0.959541 0.002097
 0.008131 0.734260 0.002071 0.255538
 0.426528 0.008105 0.547178 0.018188
 0.050371 0.010117 0.931381 0.008131
 0.034280 0.008105 0.951495 0.006120
 0.472790 0.313851 0.010117 0.203243
 0.132840 0.020174 0.840866 0.006120
 0.281703 0.006094 0.708095 0.004108
 0.971636 0.016151 0.008105 0.004108
 0.002097 0.030231 0.008105 0.959567
 0.020200 0.748334 0.086557 0.144909

MOTIF 6-ASWCCAGCCTGGGCRACAKR STREME-6
letter-probability matrix: alength= 4 w= 20 nsites= 648 E= 3.8e-016
 0.964039 0.011351 0.013234 0.011376
 0.020789 0.572409 0.389778 0.017024
 0.387920 0.011351 0.016999 0.583730
 0.013258 0.943305 0.020764 0.022672
 0.005728 0.964014 0.000056 0.030202
 0.977217 0.001938 0.009469 0.011376
 0.028319 0.009469 0.913182 0.049030
 0.015141 0.939540 0.011351 0.033967
 0.009493 0.941423 0.024530 0.024554
 0.003845 0.041473 0.011351 0.943330
 0.045263 0.015117 0.939540 0.000080
 0.062208 0.015117 0.920713 0.001963
 0.062207 0.246697 0.679720 0.011376
 0.022672 0.704201 0.011351 0.261776
 0.536651 0.009469 0.442505 0.011376
 0.950860 0.003821 0.039591 0.005728
 0.018906 0.886826 0.022647 0.071620
 0.907560 0.020764 0.064065 0.007611
 0.103625 0.073479 0.483925 0.338971
 0.587495 0.020764 0.352125 0.039615

MOTIF 7-CCCCACCCC STREME-7
letter-probability matrix: alength= 4 w= 9 nsites= 6470 E= 1.8e-014
 0.004611 0.985290 0.001917 0.008183
 0.005424 0.945691 0.034841 0.014044
 0.014677 0.960244 0.012985 0.012093
 0.017525 0.914416 0.055604 0.012454
 0.710348 0.000039 0.167170 0.122443
 0.040408 0.891424 0.043201 0.024967
 0.006220 0.951079 0.028290 0.014412
 0.003355 0.949251 0.034638 0.012756
 0.045974 0.866259 0.031531 0.056236

MOTIF 8-AAAAAAAAAAAAAARAA STREME-8
letter-probability matrix: alength= 4 w= 17 nsites= 827 E= 2.6e-013
 0.887938 0.057155 0.000045 0.054863
 0.993642 0.006248 0.000045 0.000065
 0.999845 0.000045 0.000045 0.000065
 0.882416 0.055503 0.062016 0.000065
 0.957904 0.001565 0.040466 0.000065
 0.979623 0.000045 0.015706 0.004626
 0.946520 0.011921 0.041494 0.000065
 0.949154 0.000045 0.043134 0.007667
 0.910812 0.073651 0.015473 0.000065
 0.893050 0.026785 0.080101 0.000065
 0.957817 0.000045 0.042074 0.000065
 0.987175 0.000045 0.012715 0.000065
 0.951681 0.009413 0.012943 0.025963
 0.831700 0.069471 0.091437 0.007392
 0.474490 0.109203 0.413235 0.003073
 0.810558 0.086827 0.000045 0.102570
 0.783030 0.053291 0.091831 0.071849

MOTIF 9-CRAGGTCA STREME-9
letter-probability matrix: alength= 4 w= 8 nsites= 8974 E= 1.0e-012
 0.130176 0.650901 0.035067 0.183855
 0.453679 0.006016 0.431306 0.108999
 0.948434 0.022178 0.029314 0.000073
 0.016538 0.030388 0.951413 0.001661
 0.162362 0.000051 0.819204 0.018383
 0.005207 0.000051 0.027904 0.966838
 0.014470 0.921566 0.034263 0.029701
 0.852589 0.000051 0.140250 0.007110

MOTIF 10-AAATATTTRY STREME-10
letter-probability matrix: alength= 4 w= 10 nsites= 2542 E= 1.1e-006
 0.806399 0.102174 0.000046 0.091381
 0.872288 0.041514 0.086132 0.000066
 0.959917 0.000046 0.039971 0.000066
 0.000066 0.073878 0.000046 0.926010
 0.815785 0.000046 0.184103 0.000066
 0.000066 0.016725 0.000046 0.983163
 0.000066 0.013386 0.021664 0.964883
 0.000066 0.000046 0.000046 0.999842
 0.516003 0.023690 0.460240 0.000066
 0.208034 0.311475 0.026709 0.453782

********************************************************************************
Stopped because maximum number of motifs (10) reached.
********************************************************************************
COMMAND:	streme --o GATA3_without_motifs_123456_78_161bpwindow_streme_output --nmotifs 10 --objfun de --bfile hg38_bkgrnd.txt --dna --minw 4 --maxw 20 --p without_motifs_123456_78_161bpwindow.fasta
********************************************************************************
CPU:		xanadu-40
********************************************************************************
FINALTIME:	7481.48 seconds
********************************************************************************
