AAA	0.725196519950668	0.515711508954066	0.498329077436047	0.218176226755612
TAA	0.715497279727442	0.357087253062217	0.342537453067155	0.365684926662757
CAA	0.680108287040507	0.603539941575752	0.596377613371716	0.0801495095667729
GAA	0.64464136297124	0.614824302784556	0.603555895927093	0.0354512636154156
ATA	0.675756357103873	0.261105393635661	0.248038775329795	0.421184272621146
TTA	0.715261865306475	0.357080828862185	0.342519728474845	0.36546158663796
CTA	0.515986499424191	0.381788573060046	0.381380468867876	0.13440197846023
GTA	0.455796716558465	0.338896071684262	0.333778611098709	0.119459375166979
ACA	0.661484322291646	0.614864117705332	0.613803002940145	0.0471507619689074
TCA	0.742023289450772	0.625933744811127	0.619367321196779	0.119372756446819
CCA	0.57162993839683	0.725259553611756	0.730413277153102	-0.156206476985599
GCA	0.482732062028294	0.631297410802104	0.631659921020973	-0.148746603883245
AGA	0.770239086571371	0.62523574290388	0.620301997698203	0.14747021627033
TGA	0.742025182045844	0.625873239456926	0.619331886199432	0.119422619217665
CGA	0.0654594929674063	0.145000848708472	0.136479239328508	-0.0752805510510835
GGA	0.507233442983061	0.662466697724055	0.66125265791126	-0.154626234834596
AAT	0.709712684659609	0.437893510256923	0.424708452149664	0.278411703456315
TAT	0.675551162372234	0.261160992215462	0.248101877991581	0.420919727268712
CAT	0.629999181119069	0.498431728270797	0.494670894266006	0.133447869850668
GAT	0.713784039648123	0.379570961034761	0.374753386133478	0.336621866064003
ATT	0.709555167185876	0.437917294948946	0.424752206690754	0.278220416366026
TTT	0.72517700276756	0.515622395879055	0.498231947992551	0.218249830831757
CTT	0.716142824721922	0.631827555400175	0.624609099036184	0.0879244975037421
GTT	0.595429049458598	0.529258050663271	0.519808476048345	0.0708957861027899
ACT	0.609632734893263	0.596155853167411	0.591597109809402	0.0157562534048562
TCT	0.77013635847159	0.625305662729351	0.620389392617043	0.147288830798393
CCT	0.556589020708862	0.733610170883565	0.735442434670249	-0.177937282068045
GCT	0.453224271519745	0.631143047263435	0.634012737160344	-0.179353620692144
AGT	0.609764487592275	0.598168474671881	0.592077970556784	0.0146412649779419
TGT	0.661450528352174	0.614911138583847	0.61384674485226	0.04707158663412
CGT	0.0758896131768694	0.181858713415136	0.174874334308454	-0.102476910684925
GGT	0.429699083332802	0.572095184750677	0.574489695114256	-0.143593356599665
AAC	0.595476344200176	0.529104224426716	0.518205427177115	0.0718215183982597
TAC	0.45563805221258	0.338895355980882	0.333773347957878	0.1193037002432
CAC	0.491264095957232	0.641218072726551	0.64616541223774	-0.152427646524913
GAC	0.39199994596622	0.531665135712498	0.527487585097037	-0.137576414438547
ATC	0.713843548223158	0.379574184650259	0.374791904673092	0.336660503561482
TTC	0.64451366623336	0.614767536975094	0.603456357068696	0.0354017192114651
CTC	0.54843844510847	0.671708937208224	0.670708556601193	-0.122770301796239
GTC	0.392055476482341	0.531596456767357	0.527454570714779	-0.137470037258727
ACC	0.429617471885611	0.572129192849673	0.57455244627606	-0.143723347677256
TCC	0.50716206045845	0.662249575002696	0.660962978071344	-0.154444216078571
CCC	0.305133739933542	0.557657755645995	0.56248814781207	-0.25493921179549
GCC	0.349646036648359	0.62853379015492	0.630522610854119	-0.27988216385616
AGC	0.453247676597463	0.631187602385765	0.634046285851919	-0.179369267521379
TGC	0.482704764478944	0.631263000791053	0.631656538436115	-0.14875500513464
CGC	0.0467630198827761	0.189554156255027	0.181817154976433	-0.138922635732953
GGC	0.349642783276459	0.62868999138122	0.630787302300273	-0.280095863564287
AAG	0.716149011495338	0.631853311541337	0.624641476977401	0.0879016172359695
TAG	0.516010002001556	0.381840470111728	0.381430222939439	0.134374655475972
CAG	0.690144081458831	0.778083855180205	0.77805074194905	-0.0879232171057963
GAG	0.548595462840377	0.671844891801081	0.670980006772641	-0.122816986446484
ATG	0.629961525242011	0.49830603052573	0.494473827755894	0.133571596101199
TTG	0.680191665641133	0.603662072694884	0.596537808646456	0.0800917249704627
CTG	0.690152516922985	0.777865340263235	0.777785424881593	-0.0876728656494288
GTG	0.49134502083571	0.641369854585644	0.646349272311156	-0.15251454261269
ACG	0.0759176911716827	0.181933356479746	0.175490310600655	-0.102794142368518
TCG	0.0654379587653657	0.144988788939251	0.136445501413609	-0.0752791864110643
CCG	0.0566880081646316	0.212143559956022	0.203456848719538	-0.151112196173149
GCG	0.0467533413395349	0.189606338481413	0.181901023167838	-0.139000339485091
AGG	0.556593179370484	0.733836496774773	0.73576019923426	-0.178205168634032
TGG	0.571590805618056	0.725251259076321	0.730435184775236	-0.156252416307722
CGG	0.0566876572609145	0.212874429449044	0.20356087081016	-0.151529992868688
GGG	0.305186600766413	0.55779097743166	0.562715257219841	-0.255066516559337
