AAA	0.9354600402955	0.764335894899693	0.752184575000863	0.177199805345222
TAA	0.929969778374748	0.598480813614345	0.586519531654751	0.3374696057402
CAA	0.911433848220282	0.850211773060438	0.847114288674749	0.0627708173526889
GAA	0.891588314304903	0.862043166197469	0.854712810416883	0.0332103259977269
ATA	0.910980523841504	0.483616120114636	0.470037647221359	0.434153640173507
TTA	0.929852249832102	0.598392046463263	0.586398646081581	0.33745690355968
CTA	0.786987911349899	0.633239493773618	0.633993023175491	0.153371652875344
GTA	0.724110141034251	0.583124096477212	0.579801747660001	0.142647218965645
ACA	0.906312961719275	0.853787821146872	0.854177460021414	0.0523303211351319
TCA	0.947380792478173	0.866063050039311	0.862950298760059	0.082874118078488
CCA	0.833747481531229	0.934743462933374	0.93615514799848	-0.101701823934698
GCA	0.754180658159839	0.877196986989272	0.87764653058405	-0.123241100626822
AGA	0.968334452652787	0.869486925866748	0.867250371291403	0.0999658040737115
TGA	0.9474479516454	0.866075731060894	0.863019376230442	0.0829003979997313
CGA	0.180523841504365	0.332166679347688	0.322384554277622	-0.14675177530829
GGA	0.775856279382136	0.898044586471886	0.898490657272131	-0.122411342489873
AAT	0.924764942914708	0.686867534048543	0.675802162124823	0.243430094828025
TAT	0.910846205507052	0.483692206244135	0.470158532794529	0.43392083598772
CAT	0.878660174613835	0.75241573461158	0.751856457016544	0.126524078799773
GAT	0.948102753525856	0.636612645514723	0.632732359341001	0.313430251097994
ATT	0.924697783747482	0.686892896091709	0.675905778330398	0.243298446536428
TTT	0.935476830087307	0.764335894899693	0.752253652471247	0.177182056401837
CTT	0.930053727333781	0.87457201552157	0.869961662003937	0.0577868885710272
GTT	0.852384150436535	0.787212457835603	0.779694677580907	0.0689305827282795
ACT	0.871373404969778	0.844099520657384	0.841553552308914	0.028546868486629
TCT	0.968216924110141	0.869398158715666	0.867198563188616	0.099918563158
CCT	0.821910678307589	0.938776027796799	0.939298172900908	-0.117126422041265
GCT	0.723337810611148	0.874470567348906	0.876230442441198	-0.152012694283903
AGT	0.871390194761585	0.844505313348043	0.842054363969191	0.0281103561029676
TGT	0.906312961719275	0.853876588297953	0.85431561496218	0.052216860089208
CGT	0.198169912693083	0.381013974485785	0.375867785721687	-0.180270967410653
GGT	0.700470114170584	0.8315579903117	0.834006838669568	-0.132312300320049
AAC	0.852384150436535	0.78703492353344	0.779504714537354	0.0691143314011379
TAC	0.723942243116185	0.583009967282964	0.579629053984043	0.142622732482682
CAC	0.76390194761585	0.884057419665728	0.88697198908576	-0.121612756759894
GAC	0.662693082605776	0.797420680209998	0.794200946361344	-0.133117730679895
ATC	0.948220282068502	0.636574602449973	0.632749628708597	0.313558166489217
TTC	0.891437206178643	0.861954399046387	0.8546437329465	0.0331381401822001
CTC	0.81124916051041	0.904030028659109	0.902600766759921	-0.0920662371991054
GTC	0.662810611148422	0.797243145907834	0.794010983317791	-0.132816453464391
ACC	0.700335795836132	0.831545309290116	0.834006838669568	-0.132440278143711
TCC	0.775705171255876	0.898006543407137	0.898438849169343	-0.122517525032364
CCC	0.54597044996642	0.809290116411778	0.815027803681829	-0.266188510080383
GCC	0.605238415043653	0.860064926830506	0.864055538286188	-0.256821817514693
AGC	0.723169912693083	0.874445205305739	0.876161364970815	-0.152133372445194
TGC	0.754012760241773	0.877336478226686	0.877836493627603	-0.123573725685372
CGC	0.144123572867696	0.420033477896979	0.414844748385314	-0.27331554027345
GGC	0.605473472128946	0.860077607852089	0.864055538286188	-0.256593100940193
AAG	0.929969778374748	0.874812954931649	0.870168894415086	0.0574788537013802
TAG	0.787071860308932	0.633252174795201	0.633993023175491	0.153449261323586
CAG	0.915396239086635	0.958571102488016	0.956722964805029	-0.0422507945598873
GAG	0.811400268636669	0.904182200918106	0.902877076641453	-0.0921293701431107
ATG	0.878626595030222	0.752263562352583	0.751614685870203	0.126687470918828
TTG	0.911551376762928	0.8504653934921	0.847459676026664	0.0625888420035464
CTG	0.915413028878442	0.958558421466433	0.956722964805029	-0.0422276642572892
GTG	0.764120214909335	0.884209591924725	0.887196490864505	-0.12158282648528
ACG	0.198287441235729	0.381254913895863	0.376213173073602	-0.180446602249004
TCG	0.180456682337139	0.332115955261356	0.322298207439644	-0.146750399013361
CCG	0.165261920752183	0.436721702300337	0.430249024280731	-0.268223442538351
GCG	0.144089993284083	0.420185650155977	0.415069250164059	-0.273537456875935
AGG	0.822128945601075	0.938839432904715	0.939349981003696	-0.116965761353131
TGG	0.833781061114842	0.93476882497654	0.936172417366076	-0.101689560056466
CGG	0.165261920752183	0.436949960688833	0.430594411632646	-0.268510265408557
GGG	0.546054398925453	0.809556417865023	0.815407729768936	-0.266427674891526
