AAA	0.963566151779718	0.830239164067057	0.821901011984941	0.137496063753719
TAA	0.96183680322364	0.678536102868447	0.668635374572583	0.288251064503125
CAA	0.952904633982539	0.905006467321007	0.902272648775602	0.049265075934234
GAA	0.942562122229684	0.919018996170331	0.912962387317376	0.0265714304858304
ATA	0.952182672934856	0.562910548073753	0.550910095672296	0.395272351061831
TTA	0.96178643384822	0.678434654695782	0.668514488999413	0.288311862000623
CTA	0.864103425117529	0.7216388952294	0.721859565502711	0.142354194751473
GTA	0.809469442578912	0.669405767328616	0.665924083860049	0.14180451698458
ACA	0.953408327736736	0.90505719140734	0.904068663005561	0.0488454005302859
TCA	0.974395567494963	0.917547997666692	0.914758401547335	0.0582423678879493
CCA	0.900923438549362	0.963364528646428	0.961955583186544	-0.0617366173671238
GCA	0.839623908663533	0.928707296659819	0.928107622698857	-0.0887835510158053
AGA	0.985795836131632	0.923355905551751	0.920785410838255	0.0637251779366288
TGA	0.974395567494963	0.917547997666692	0.914792940282527	0.0582250985203536
CGA	0.225957018132975	0.396319967536585	0.385348668531758	-0.164877299901196
GGA	0.856447280053727	0.942009688300489	0.94149138258557	-0.0853032553893022
AAT	0.957437877770316	0.761393897892414	0.75313439021863	0.200173733714793
TAT	0.95201477501679	0.562935910116919	0.550961903775084	0.395065868070788
CAT	0.932488247145735	0.825534505059728	0.825769350326391	0.106836319452676
GAT	0.979298186702485	0.729044611833929	0.726021483093289	0.251765139238876
ATT	0.957437877770316	0.76145730300033	0.753272545159396	0.200072953690453
TTT	0.963582941571524	0.83025184508864	0.821952820087728	0.13748060898334
CTT	0.964019476158496	0.925803342717289	0.921804303526405	0.0402156530366485
GTT	0.915245130960376	0.858086687463542	0.851984250336753	0.0602096620602287
ACT	0.929701141705843	0.902432219939638	0.899630435533451	0.0286698139692983
TCT	0.985795836131632	0.923368586573334	0.920854488308638	0.0636842986906458
CCT	0.889808596373405	0.965342768013391	0.96368251994612	-0.0747040476063504
GCT	0.812860980523841	0.925143929594968	0.924118398784237	-0.111770183665761
AGT	0.929701141705843	0.902647797306551	0.899906745414983	0.0284238703450759
TGT	0.953357958361316	0.905107915493672	0.90415500984354	0.0487264956927104
CGT	0.250940228341169	0.454678028862005	0.44946983041481	-0.201133701297239
GGT	0.794442578912022	0.897702198889142	0.897972576244258	-0.103394808654679
AAC	0.915278710543989	0.857883791118212	0.851742479190412	0.060465575389677
TAC	0.809351914036266	0.669278957112785	0.665751390184091	0.141836740387828
CAC	0.847666218938885	0.933120292170737	0.933651089697095	-0.0857194719950311
GAC	0.761601746138348	0.870856476197722	0.868303802714745	-0.107978393317886
ATC	0.979466084620551	0.728968525704431	0.725969674990502	0.251996984273084
TTC	0.942360644728005	0.918942910040833	0.912927848582185	0.0264252654164965
CTC	0.881229012760242	0.945129219609932	0.942803854522847	-0.0627375243061478
GTC	0.761736064472801	0.870590174744477	0.868010223465617	-0.107564134632247
ACC	0.794241101410343	0.897613431738061	0.897903498773875	-0.103517363845625
TCC	0.856279382135662	0.942047731365239	0.941525921320761	-0.0855074442073384
CCC	0.640648085963734	0.871363717061046	0.875764169516112	-0.232915857324845
GCC	0.70132639355272	0.90992670369525	0.910682830794736	-0.208978373692273
AGC	0.812777031564809	0.925105886530219	0.924032051946258	-0.11179193767343
TGC	0.839506380120887	0.928719977681402	0.928124892066453	-0.0889160547530408
CGC	0.182051712558764	0.47749118669	0.473923254930404	-0.293655508251438
GGC	0.701460711887173	0.909850617565751	0.910579214589162	-0.208754204190284
AAG	0.96390194761585	0.926082325192118	0.922097882775533	0.0398118436320244
TAG	0.864153794492948	0.721664257272566	0.721876834870307	0.142383248421512
CAG	0.954869039623909	0.975310050977707	0.972196318170829	-0.018884144950359
GAG	0.881312961719275	0.945167262674681	0.942942009463613	-0.0627416743498726
ATG	0.932471457353929	0.825407694843897	0.825562117915242	0.106986550974359
TTG	0.953022162525185	0.905171320601588	0.902548958657134	0.0491620228958238
CTG	0.954902619207522	0.975272007912957	0.972161779435637	-0.0188142744667754
GTG	0.847783747481531	0.933310507494484	0.933910130211032	-0.0858265713712265
ACG	0.251040967092008	0.454855563164169	0.449694332193555	-0.201233980586854
TCG	0.225906648757555	0.396231200385503	0.385227782958588	-0.16482284291449
CCG	0.207991940899933	0.498009079611454	0.492418747625462	-0.287221972718525
GCG	0.182001343183345	0.477617996905831	0.474130487341554	-0.293872898940348
AGG	0.889942914707858	0.965469578229222	0.963786136151694	-0.0746849424826006
TGG	0.901040967092008	0.963364528646428	0.961921044451352	-0.0616018194568819
CGG	0.207991940899933	0.498224656978366	0.492729596242186	-0.287485185710343
GGG	0.6408159838818	0.871579294427959	0.876075018132836	-0.233011172398598
