AAA	0.977518468770987	0.872568414111441	0.865972438089317	0.108248042670608
TAA	0.976897246474144	0.73747749118669	0.728577349497461	0.243869826132068
CAA	0.972750167897918	0.935390195034112	0.932666735744137	0.0387217025087935
GAA	0.967461383478845	0.94741180349489	0.94206127171623	0.0227248458732853
ATA	0.971138347884486	0.627330137715894	0.617811625738265	0.348567466157406
TTA	0.976830087306917	0.737350680970859	0.728439194556695	0.24393514954314
CTA	0.909385493619879	0.785842907504629	0.785963458018167	0.123482310858481
GTA	0.868032236400269	0.736970250323366	0.733464580527061	0.132814820975055
ACA	0.97426124916051	0.933259783408151	0.932424964597796	0.0414188751575364
TCA	0.985308932169241	0.944381039336529	0.941525921320761	0.042355451840596
CCA	0.940278710543989	0.975601714474118	0.97292163160985	-0.033982962497995
GCA	0.894963062458025	0.955667148545487	0.95345905432943	-0.0596000389794332
AGA	0.991823371390195	0.950987851581323	0.947984664801575	0.0423371131987456
TGA	0.985325721961048	0.944419082401278	0.941594998791144	0.0423186813648365
CGA	0.268401611820013	0.451672626746811	0.440679722308569	-0.177774562707676
GGA	0.907152451309604	0.963478657840676	0.961955583186544	-0.0555646692040059
AAT	0.973455339153794	0.814362525045018	0.808724484509377	0.161911834376597
TAT	0.971054398925453	0.627254051586396	0.617742548267882	0.348556098998314
CAT	0.960543989254533	0.872390879809277	0.873052878803578	0.0878221099481054
GAT	0.990513767629281	0.796913439346674	0.793268400511173	0.195422847700358
ATT	0.973455339153794	0.814476654239266	0.808879908817739	0.161777057625292
TTT	0.977501678979181	0.872568414111441	0.866024246192104	0.108205348827408
CTT	0.979885829415715	0.952915366861954	0.948623631402618	0.029116330283429
GTT	0.950033579583613	0.902432219939638	0.896780989880151	0.0504269746737187
ACT	0.959032907991941	0.935314108904613	0.932545850170967	0.0251029284541509
TCT	0.991823371390195	0.95101321362449	0.948071011639554	0.0422812587581731
CCT	0.929969778374748	0.976514748028101	0.973802369357234	-0.0451887803179195
GCT	0.873371390194762	0.952433488041797	0.950350568162194	-0.0780206379072336
AGT	0.959049697783747	0.935440919120444	0.932684005111733	0.0249872356676589
TGT	0.97426124916051	0.933285145451318	0.932442233965392	0.0413975594521555
CGT	0.300335795836132	0.515103096705471	0.510188926881498	-0.212310215957352
GGT	0.859351914036266	0.935415557077278	0.933616550961904	-0.075164139983325
AAC	0.950067159167226	0.902267366659058	0.896608296204193	0.0506293277356007
TAC	0.867965077233042	0.737033655431282	0.733568196732636	0.132664151151084
CAC	0.899714573539288	0.957176190113876	0.956049459468794	-0.0568982512520468
GAC	0.830406312961719	0.915683887493977	0.912288881981142	-0.0835800717758399
ATC	0.990597716588314	0.796875396281924	0.793251131143577	0.195534452875563
TTC	0.96719274680994	0.94741180349489	0.942130349186613	0.0224216704691885
CTC	0.923354600402955	0.964936975322732	0.961782889510586	-0.040005332013704
GTC	0.830456682337139	0.915455629105481	0.912047110834801	-0.083294687633002
ACC	0.859200805910007	0.935377514012529	0.933599281594308	-0.0752875918934118
TCC	0.906934184016118	0.963491338862259	0.961972852554139	-0.0557979116920809
CCC	0.715161182001343	0.909254609551345	0.911667184747695	-0.195299715148177
GCC	0.772699798522498	0.938129295696061	0.93705315511346	-0.164891426882262
AGC	0.873304231027535	0.952357401912298	0.950229682589024	-0.0779893112231255
TGC	0.894845533915379	0.955641786502321	0.953424515594239	-0.0596876171329003
CGC	0.218216924110141	0.523497932993482	0.521016820364038	-0.304040452568619
GGC	0.772783747481531	0.938129295696061	0.937035885745864	-0.164798843239431
AAG	0.979869039623909	0.953181668315199	0.948882671916554	0.0288368695080318
TAG	0.909452652787105	0.785804864439879	0.785894380547784	0.123603030293274
CAG	0.973237071860309	0.981726647898755	0.97813698062377	-0.00669474240095319
GAG	0.923455339153795	0.964810165106901	0.961627465202224	-0.0397634760007681
ATG	0.960577568838146	0.87227675061503	0.872897454495216	0.0879904662830234
TTG	0.972901276024177	0.935478962185194	0.932822160052499	0.0387507149053311
CTG	0.973253861652115	0.981713966877172	0.978119711256174	-0.00666297741455724
GTG	0.899899261249161	0.957366405437622	0.956291230615135	-0.0569295567772179
ACG	0.300486903962391	0.515331355093966	0.510499775498221	-0.212428661333703
TCG	0.268334452652787	0.451583859595729	0.440558836735399	-0.177736895512777
CCG	0.247918065815984	0.548251287123691	0.54381238559044	-0.298113770541081
GCG	0.218166554734721	0.523561338101397	0.521137705937209	-0.304182967284582
AGG	0.930137676292814	0.976641558243932	0.973923254930404	-0.0451447302943543
TGG	0.940379449294829	0.975589033452535	0.972852554139467	-0.0338413445011724
CGG	0.247918065815984	0.548416140404271	0.544071426104376	-0.29832571743834
GGG	0.715295500335796	0.909470186918258	0.911978033364418	-0.195428609805542
