AAA	0.819711215580927	0.595094980851657	0.578472006355127	0.232927721977534
TAA	0.800604432505037	0.424345025235233	0.411339066763375	0.382762386505733
CAA	0.754751511081263	0.676405691242487	0.670345041964563	0.0813761444777377
GAA	0.717276695768972	0.687438180019782	0.678858840189272	0.0341281856644451
ATA	0.760426460711887	0.327246442973446	0.314803301903084	0.439401588273622
TTA	0.800335795836132	0.424370387278399	0.411356336130971	0.382472434131447
CTA	0.588868368032236	0.443468005782546	0.445342451559424	0.144463139361252
GTA	0.518787777031565	0.398995663090619	0.395693019721618	0.121443435625447
ACA	0.739993284083277	0.692599355804104	0.694107691776327	0.046639760293062
TCA	0.826208865010074	0.700588399401456	0.696870790591649	0.127479270013522
CCA	0.641537944929483	0.807920566080803	0.813577176803785	-0.169210926512812
GCA	0.548522498321021	0.706687970782926	0.709632853244914	-0.159637913692899
AGA	0.867461383478845	0.699307616221563	0.697906952647394	0.168854099044366
TGA	0.82622565480188	0.700512313271957	0.696836251856457	0.127551372237673
CGA	0.108629952988583	0.216807426006239	0.209183849687424	-0.104365684858249
GGA	0.573858294157153	0.73891044662558	0.742030186854557	-0.166612022582916
AAT	0.795550705171256	0.509434680057825	0.495872621144614	0.292897054570036
TAT	0.760191403626595	0.327373253189277	0.314958726211446	0.439025413926233
CAT	0.705322364002686	0.568084404879657	0.566089869788968	0.138235226668374
GAT	0.806363331094694	0.436721702300337	0.434100093254585	0.370952433317233
ATT	0.795366017461383	0.509447361079409	0.495924429247401	0.292680122297979
TTT	0.819660846205507	0.594955489614243	0.578316582046765	0.233024810375003
CTT	0.795785762256548	0.703834740926729	0.698148723793735	0.0947940298963162
GTT	0.663633310946944	0.598113063988435	0.589507132248817	0.0698232128283183
ACT	0.679785090664876	0.667300717745822	0.664058992159707	0.0141052357121115
TCT	0.867310275352586	0.699396383372645	0.698010568852969	0.168606799239779
CCT	0.626947615849563	0.817938573131451	0.822902635305495	-0.19347298836891
GCT	0.517125587642713	0.705749575185777	0.710772631506234	-0.191135515703292
AGT	0.679902619207522	0.667655786350148	0.664559803819984	0.0137948241224556
TGT	0.739942914707858	0.692675441933602	0.694194038614306	0.0465081744339036
CGT	0.116269308260578	0.247964696035913	0.243515352467793	-0.129470715991275
GGT	0.490698455339154	0.639858987039996	0.644838186025628	-0.151650131193658
AAC	0.663717259905977	0.597960891729438	0.589403516043242	0.0700350560196371
TAC	0.518619879113499	0.398970301047452	0.395641211618831	0.121314122780357
CAC	0.557756883814641	0.716794744984656	0.724588125582841	-0.162934551469108
GAC	0.449714573539288	0.596604022420046	0.594221669602459	-0.145698272471965
ATC	0.806380120886501	0.436696340257171	0.434100093254585	0.370981904130623
TTC	0.71714237743452	0.687425498998199	0.678807032086485	0.0340261118921777
CTC	0.618787777031565	0.752136752136752	0.753617932511311	-0.134089565292467
GTC	0.449748153122901	0.596565979355297	0.594221669602459	-0.145645671355977
ACC	0.490648085963734	0.639897030104745	0.644889994128415	-0.151745426152846
TCC	0.5737239758227	0.738618783129169	0.741632991399855	-0.166401911441812
CCC	0.364338482202821	0.637069162291714	0.645166304009947	-0.27677925094801
GCC	0.410224983210208	0.708412589718228	0.714848202258833	-0.301405412778322
AGC	0.51714237743452	0.705736894164194	0.710738092771043	-0.191095116033098
TGC	0.548455339153795	0.706726013847676	0.709753738818084	-0.159784537179085
CGC	0.0872061786433848	0.306804636181491	0.298950022450178	-0.21567115067245
GGC	0.410191403626595	0.708564761977225	0.715089973405174	-0.301635964064604
AAG	0.795802552048355	0.703910827056228	0.698252339999309	0.0947209685205861
TAG	0.58890194761585	0.443493367825712	0.44535972092702	0.144475403239484
CAG	0.771625251846877	0.869626417104162	0.871982178012641	-0.0991790457115244
GAG	0.618938885157824	0.752250881331	0.753859703657652	-0.134116407336502
ATG	0.70525520483546	0.567957594663826	0.565882637377819	0.138335088814637
TTG	0.754852249832102	0.676570544523067	0.670552274375712	0.0812908403827125
CTG	0.771591672263264	0.869461563823582	0.871792214969088	-0.0990352171330708
GTG	0.557840832773674	0.71693423622207	0.724778088626394	-0.163015329650559
ACG	0.116286098052384	0.248040782165411	0.243618968673367	-0.129543777367005
TCG	0.108579583613163	0.216782063963073	0.209114772217041	-0.104368834476894
CCG	0.0996977837474815	0.318407770930026	0.308931716920526	-0.213971960177795
GCG	0.0872229684351914	0.306893403332572	0.29910544675854	-0.215776456610365
AGG	0.62696440564137	0.818166831519947	0.823230753289815	-0.193734386763511
TGG	0.641521155137676	0.807895204037637	0.81355990743619	-0.169206400599237
CGG	0.0996977837474815	0.318458495016359	0.309052602493697	-0.214057765007546
GGG	0.364422431161854	0.637208653529128	0.645408075156288	-0.276885933180854
