AAA	0.871642041638684	0.6567374267671	0.6416951611232	0.222425747693534
TAA	0.854936198791135	0.484871541251363	0.471678237142956	0.376661309593975
CAA	0.819274680993956	0.744033579345152	0.739836977169896	0.0773394027364317
GAA	0.786299529885829	0.754292525805879	0.745345905432943	0.0364803142664184
ATA	0.822431161853593	0.379847320500139	0.366404172279211	0.449305415463918
TTA	0.854633982538617	0.484884222272946	0.471695506510552	0.376344118146868
CTA	0.659351914036266	0.510157498288062	0.512554830242117	0.147995749771177
GTA	0.590396239086635	0.461145349869385	0.457983628639519	0.130831749832183
ACA	0.806497649429147	0.755256283446194	0.756950920457293	0.0503940474774034
TCA	0.878777703156481	0.76595906566233	0.763133354056574	0.114231493297029
CCA	0.713549361987911	0.863209820183114	0.86763029737851	-0.151870696792901
GCA	0.620584284754869	0.774100281518679	0.776948848133181	-0.154940280071061
AGA	0.912877770315648	0.765185523345761	0.763444202673298	0.148562907306119
TGA	0.87887844190732	0.766022470770245	0.763288778364936	0.11422281733973
CGA	0.129969778374748	0.253125871820234	0.244724208199496	-0.118955261635117
GGA	0.644627266621894	0.802860838469147	0.80492522363831	-0.159265764431835
AAT	0.849546675621222	0.573562606203556	0.561358063067731	0.282086340985579
TAT	0.822196104768301	0.379923406629638	0.366507788484786	0.448980507211089
CAT	0.771826729348556	0.635648887874407	0.634096639381066	0.13695396572082
GAT	0.866386836803224	0.505186537827487	0.502866715020896	0.362360210379032
ATT	0.849378777703157	0.573562606203556	0.561409871170518	0.28189253901612
TTT	0.871574882471457	0.656712064723934	0.641712430490795	0.222362634864093
CTT	0.852635997313633	0.771906464784803	0.767295271647152	0.0830351290976556
GTT	0.735829415715245	0.668822440335793	0.659862535833938	0.0714869276303796
ACT	0.754969778374748	0.736019173704634	0.732791075190827	0.020564653927018
TCT	0.912760241773002	0.765286971518426	0.763616896349256	0.148308307839161
CCT	0.698270651443922	0.87080575211139	0.873760922875004	-0.174012686049275
GCT	0.587239758226998	0.772248852367547	0.776707076986841	-0.187238206450196
AGT	0.755003357958361	0.73641228537371	0.733360964321487	0.0201167331107631
TGT	0.806430490261921	0.755230921403028	0.756916381722101	0.0503568386993559
CGT	0.140379449294829	0.290331989145046	0.285997996753359	-0.147785543654373
GGT	0.562944929482874	0.711506758984504	0.715141781507961	-0.150379340763358
AAC	0.735879785090665	0.668606862968881	0.659655303422789	0.0717487018948302
TAC	0.590228341168569	0.461145349869385	0.457983628639519	0.130663851914117
CAC	0.630070517125588	0.782888229475767	0.790021759403171	-0.156384477313881
GAC	0.52112155809268	0.669811560019275	0.666442164887922	-0.147005304360919
ATC	0.86640362659503	0.505173856805904	0.502901253756087	0.362366071314034
TTC	0.786165211551377	0.75421643967638	0.745242289227368	0.0364358470995024
CTC	0.691202149093351	0.813132465951457	0.813853486685318	-0.122290827225036
GTC	0.521155137676293	0.669659387760278	0.666304009947156	-0.146826561177424
ACC	0.562877770315648	0.711544802049253	0.715176320243153	-0.150482790830555
TCC	0.644492948287441	0.802683304166984	0.804700721859566	-0.159199064725833
CCC	0.422145735392881	0.702439828552588	0.709477428936552	-0.283812893351689
GCC	0.474059771658831	0.768343097719952	0.77349497461403	-0.29685926450816
AGC	0.587273337810611	0.772274214410713	0.776672538251649	-0.18720003852057
TGC	0.620517125587643	0.774112962540262	0.777000656235969	-0.155039683800473
CGC	0.104147078576226	0.344974511146618	0.337322557247954	-0.23700145562106
GGC	0.474076561450638	0.7684572269142	0.773702207025179	-0.297003155519051
AAG	0.852619207521827	0.772071318065383	0.767433426587918	0.0828668351951759
TAG	0.659419073203492	0.510157498288062	0.512520291506925	0.148080178305999
CAG	0.83084284754869	0.910205686170078	0.910959140676268	-0.0797395658744828
GAG	0.69140362659503	0.813271957188871	0.814147065934446	-0.122305884966628
ATG	0.771776359973136	0.635547439701742	0.633906676337513	0.137049301953509
TTG	0.819425789120215	0.744236475690482	0.740096017683832	0.0772595424330579
CTG	0.830792478173271	0.910116919018996	0.910890063205885	-0.0797110129391702
GTG	0.630238415043653	0.783091125821096	0.790298069284703	-0.156456182509246
ACG	0.140413028878442	0.29043343731771	0.286153421061721	-0.147880400311274
TCG	0.129919408999328	0.2531512338634	0.244724208199496	-0.119018312032119
CCG	0.11910678307589	0.358061325420376	0.348944841639899	-0.234396300454248
GCG	0.104147078576226	0.345037916254533	0.337443442821124	-0.237093600961603
AGG	0.698337810611148	0.87100864845672	0.874019963388941	-0.174176495311682
TGG	0.713465413028878	0.863222501204697	0.867682105481297	-0.151986890314119
CGG	0.11910678307589	0.358175454614624	0.349152074051048	-0.234556981256946
GGG	0.422179314976494	0.702756854092166	0.709943701861638	-0.284170963000407
