MEME version 5.4.1 (Release date: Sat Aug 21 19:23:23 2021 -0700)

ALPHABET= ACGT

strands: + -

A 0.295 C 0.205 G 0.205 T 0.295

MOTIF AGATAARR
letter-probability matrix: alength= 4 w= 8 nsites= 3784 E= 9.4e-672
0.756607  0.031184  0.000000  0.212209
0.000000  0.000000  1.000000  0.000000
1.000000  0.000000  0.000000  0.000000
0.000000  0.000000  0.000000  1.000000
0.999736  0.000000  0.000000  0.000264
0.998943  0.001057  0.000000  0.000000
0.272199  0.237051  0.490751  0.000000
0.394820  0.192653  0.222780  0.189746

MOTIF WGATBDHRVAGATAA
letter-probability matrix: alength= 4 w= 15 nsites= 818 E= 2.3e-331
0.625917  0.003667  0.001222  0.369193
0.002445  0.008557  0.951100  0.037897
0.943765  0.008557  0.017115  0.030562
0.022005  0.040342  0.015892  0.921760
0.135697  0.289731  0.300733  0.273839
0.311736  0.149144  0.217604  0.321516
0.309291  0.202934  0.139364  0.348411
0.446210  0.106357  0.266504  0.180929
0.353301  0.259169  0.265281  0.122249
0.645477  0.034230  0.001222  0.319071
0.000000  0.000000  1.000000  0.000000
1.000000  0.000000  0.000000  0.000000
0.000000  0.000000  0.000000  1.000000
0.849633  0.000000  0.000000  0.150367
0.764059  0.015892  0.133252  0.086797

MOTIF BTTATCWGATB
letter-probability matrix: alength= 4 w= 11 nsites= 780 E= 3.1e-321
0.125641  0.291026  0.296154  0.287179
0.176923  0.143590  0.011538  0.667949
0.112821  0.000000  0.041026  0.846154
1.000000  0.000000  0.000000  0.000000
0.000000  0.000000  0.000000  1.000000
0.000000  1.000000  0.000000  0.000000
0.456410  0.000000  0.000000  0.543590
0.000000  0.003846  0.996154  0.000000
1.000000  0.000000  0.000000  0.000000
0.000000  0.000000  0.000000  1.000000
0.106410  0.297436  0.238462  0.357692

MOTIF 4-AGATAAM
letter-probability matrix: alength= 4 w= 7 nsites= 6893 E= 1.1e-018
0.999455 0.000430 0.000047 0.000068
0.000068 0.000047 0.999817 0.000068
0.999838 0.000047 0.000047 0.000068
0.000068 0.000047 0.000047 0.999838
0.970832 0.000047 0.000047 0.029074
0.999838 0.000047 0.000047 0.000068
0.459239 0.343091 0.000047 0.197623

MOTIF AGATNDWNAGATARN
letter-probability matrix: alength= 4 w= 15 nsites= 1064 E= 1.8e-469
0.718985  0.017857  0.000000  0.263158
0.000000  0.000000  1.000000  0.000000
1.000000  0.000000  0.000000  0.000000
0.000940  0.000000  0.015038  0.984023
0.218045  0.192669  0.331767  0.257519
0.325188  0.120301  0.208647  0.345865
0.432331  0.157895  0.186090  0.223684
0.296992  0.262218  0.230263  0.210526
0.631579  0.031015  0.039474  0.297932
0.000000  0.000000  1.000000  0.000000
0.981203  0.000000  0.000000  0.018797
0.000000  0.000000  0.000000  1.000000
0.671992  0.013158  0.022556  0.292293
0.512218  0.071429  0.256579  0.159774
0.345865  0.187030  0.260338  0.206767

MOTIF 6-TGATAA
letter-probability matrix: alength= 4 w= 6 nsites= 4809 E= 3.0e-009
0.026818 0.018636 0.018636 0.935909
0.026818 0.018636 0.927727 0.026818
0.935909 0.018636 0.018636 0.026818
0.026818 0.018636 0.018636 0.935909
0.935909 0.018636 0.018636 0.026818
0.935909 0.018636 0.018636 0.026818

MOTIF WGATBTTATCW
letter-probability matrix: alength= 4 w= 11 nsites= 1798 E= 5.8e-1419
0.560623  0.026140  0.001112  0.412125
0.000000  0.000000  1.000000  0.000000
1.000000  0.000000  0.000000  0.000000
0.000000  0.010011  0.000000  0.989989
0.116240  0.254727  0.370968  0.258065
0.140712  0.171858  0.132369  0.555061
0.162959  0.000000  0.000000  0.837041
1.000000  0.000000  0.000000  0.000000
0.000000  0.000000  0.000000  1.000000
0.000000  1.000000  0.000000  0.000000
0.334816  0.046719  0.033370  0.585095

MOTIF WGATAARVATCW
letter-probability matrix: alength= 4 w= 12 nsites= 1992 E= 3.9e-1356
0.620482  0.025602  0.023594  0.330321
0.000000  0.000000  1.000000  0.000000
1.000000  0.000000  0.000000  0.000000
0.000000  0.000000  0.000000  1.000000
0.771084  0.030622  0.002510  0.195783
0.650100  0.062751  0.176707  0.110442
0.375502  0.171687  0.279618  0.173193
0.404116  0.261044  0.268072  0.066767
0.994478  0.000000  0.005522  0.000000
0.023594  0.005522  0.007530  0.963353
0.018072  0.939759  0.041165  0.001004
0.366968  0.018574  0.024096  0.590361

