********************************************************************************
STREME - Sensitive, Thorough, Rapid, Enriched Motif Elicitation
********************************************************************************
MEME version 5.4.1 (Release date: Sat Aug 21 19:23:23 2021 -0700)

For further information on how to interpret these results please access https://meme-suite.org/meme.
To get a copy of the MEME Suite software please access https://meme-suite.org.

********************************************************************************


********************************************************************************
REFERENCE
********************************************************************************
If you use this program in your research, please cite:

Timothy L. Bailey,
"STREME: accurate and versatile sequence motif discovery",
Bioinformatics, Mar. 24, 2021.
********************************************************************************


ALPHABET= ACGT

strands: + -

Background letter frequencies
A 0.295 C 0.205 G 0.205 T 0.295 

MOTIF 1-NRTGASTCAYN STREME-1
letter-probability matrix: alength= 4 w= 11 nsites= 6514 E= 2.0e-077
 0.262896 0.176382 0.335312 0.225411
 0.401049 0.187693 0.385426 0.025832
 0.000011 0.022501 0.000008 0.977481
 0.000011 0.000008 0.931146 0.068835
 0.979994 0.000008 0.019987 0.000011
 0.047130 0.452870 0.452870 0.047130
 0.000011 0.019987 0.000008 0.979994
 0.068835 0.931146 0.000008 0.000011
 0.977481 0.000008 0.022501 0.000011
 0.025832 0.385426 0.187693 0.401049
 0.225411 0.335312 0.176382 0.262896

MOTIF 2-WWTRTTTRCTTW STREME-2
letter-probability matrix: alength= 4 w= 12 nsites= 7452 E= 2.5e-071
 0.422912 0.150395 0.144585 0.282108
 0.402857 0.133966 0.165116 0.298061
 0.000009 0.022731 0.000006 0.977253
 0.432086 0.000006 0.567899 0.000009
 0.000009 0.000006 0.000006 0.999978
 0.000009 0.000006 0.000006 0.999978
 0.000009 0.000006 0.040897 0.959087
 0.525647 0.000006 0.474338 0.000009
 0.000009 0.776367 0.000006 0.223618
 0.267782 0.120801 0.005700 0.605717
 0.036139 0.261587 0.175768 0.526506
 0.513529 0.000006 0.011417 0.475047

MOTIF 3-CCTGTAATCCCAGCACTT STREME-3
letter-probability matrix: alength= 4 w= 18 nsites= 816 E= 1.1e-027
 0.008351 0.916917 0.018007 0.056724
 0.004205 0.934885 0.004187 0.056723
 0.006969 0.013861 0.000041 0.979129
 0.087131 0.015243 0.894803 0.002823
 0.004205 0.027682 0.008333 0.959780
 0.945960 0.015243 0.029064 0.009733
 0.831234 0.001423 0.157610 0.009733
 0.012497 0.020772 0.000041 0.966690
 0.009733 0.905860 0.012479 0.071927
 0.020790 0.939031 0.002805 0.037374
 0.002823 0.922444 0.005569 0.069164
 0.969455 0.005569 0.013861 0.011115
 0.063635 0.006951 0.915535 0.013879
 0.016643 0.936267 0.008333 0.038756
 0.676417 0.012479 0.031828 0.279276
 0.279276 0.658432 0.030446 0.031846
 0.002823 0.305517 0.004187 0.687473
 0.006969 0.047033 0.013861 0.932137

MOTIF 4-GGAGGCKGAGGCRG STREME-4
letter-probability matrix: alength= 4 w= 14 nsites= 3284 E= 2.6e-020
 0.030202 0.071133 0.882880 0.015784
 0.027972 0.014138 0.950255 0.007635
 0.723200 0.210562 0.026718 0.039520
 0.031109 0.036364 0.923624 0.008903
 0.034051 0.023863 0.921136 0.020950
 0.017423 0.938102 0.021993 0.022482
 0.049817 0.205833 0.255303 0.489047
 0.051860 0.022210 0.911691 0.014239
 0.660212 0.255517 0.049536 0.034735
 0.033474 0.029861 0.922690 0.013976
 0.035569 0.023248 0.924515 0.016667
 0.033716 0.857960 0.031411 0.076914
 0.475497 0.117476 0.337524 0.069503
 0.020746 0.025663 0.937437 0.016155

MOTIF 5-CCAGCCTGGGCRACA STREME-5
letter-probability matrix: alength= 4 w= 15 nsites= 602 E= 5.6e-020
 0.011407 0.948813 0.011382 0.028397
 0.000080 0.975242 0.000056 0.024622
 0.986594 0.000056 0.007607 0.005744
 0.017070 0.000056 0.931818 0.051055
 0.001968 0.954476 0.011382 0.032173
 0.001968 0.946926 0.035923 0.015182
 0.005744 0.028372 0.011382 0.954502
 0.022734 0.007607 0.967691 0.001968
 0.068041 0.001944 0.929935 0.000080
 0.030285 0.255739 0.708232 0.005744
 0.018958 0.734633 0.005719 0.240689
 0.514473 0.005719 0.474064 0.005744
 0.971491 0.001944 0.020822 0.005744
 0.009519 0.952589 0.005719 0.032173
 0.923514 0.009495 0.065024 0.001968

MOTIF 6-AGGAATGTG STREME-6
letter-probability matrix: alength= 4 w= 9 nsites= 3231 E= 3.6e-014
 0.693179 0.010889 0.014257 0.281675
 0.080571 0.006596 0.912765 0.000068
 0.000068 0.002498 0.991635 0.005799
 0.907506 0.000047 0.000047 0.092401
 0.999839 0.000047 0.000047 0.000068
 0.004281 0.004148 0.003204 0.988367
 0.000068 0.031453 0.876049 0.092431
 0.031486 0.212236 0.024254 0.732025
 0.217837 0.093300 0.562576 0.126287

MOTIF 7-CCCCACCCCC STREME-7
letter-probability matrix: alength= 4 w= 10 nsites= 3581 E= 7.9e-014
 0.003990 0.985816 0.000417 0.009778
 0.004153 0.988432 0.003468 0.003947
 0.005507 0.966125 0.005957 0.022411
 0.011500 0.946491 0.024813 0.017195
 0.774457 0.000049 0.109835 0.115659
 0.038035 0.901129 0.040753 0.020083
 0.039326 0.902191 0.024479 0.034004
 0.007639 0.967062 0.011693 0.013606
 0.017961 0.921215 0.030964 0.029860
 0.080712 0.809283 0.063665 0.046340

MOTIF 8-GAGRATCGCTTGARCCC STREME-8
letter-probability matrix: alength= 4 w= 17 nsites= 355 E= 8.2e-012
 0.065896 0.000097 0.933867 0.000140
 0.937197 0.026400 0.023112 0.013291
 0.013291 0.006673 0.976608 0.003428
 0.618271 0.009961 0.365053 0.006716
 0.970075 0.006673 0.019824 0.003428
 0.000140 0.042839 0.000097 0.956924
 0.013291 0.614941 0.121750 0.250018
 0.256596 0.032975 0.703713 0.006716
 0.003428 0.937155 0.009961 0.049457
 0.010003 0.059278 0.088872 0.841847
 0.000140 0.009961 0.016536 0.973363
 0.039594 0.026400 0.933867 0.000140
 0.986514 0.000097 0.013248 0.000140
 0.555803 0.016536 0.424233 0.003428
 0.016579 0.854959 0.055990 0.072472
 0.010003 0.963457 0.000097 0.026442
 0.016579 0.753033 0.013248 0.217139

MOTIF 9-TMAAAAAAAAAAAAAAA STREME-9
letter-probability matrix: alength= 4 w= 17 nsites= 907 E= 9.5e-012
 0.015413 0.104724 0.097232 0.782631
 0.615866 0.373093 0.010978 0.000062
 0.759308 0.236219 0.004411 0.000062
 0.797680 0.002533 0.003509 0.196279
 0.996940 0.002955 0.000043 0.000062
 0.982379 0.014604 0.002955 0.000062
 0.929958 0.021885 0.042271 0.005886
 0.957624 0.017517 0.023341 0.001518
 0.972186 0.002955 0.020429 0.004430
 0.780472 0.014605 0.010236 0.194688
 0.988144 0.007324 0.001558 0.002974
 0.732231 0.238542 0.026253 0.002974
 0.955564 0.025401 0.018973 0.000062
 0.961712 0.001499 0.026534 0.010255
 0.911271 0.026253 0.050765 0.011711
 0.897627 0.010236 0.065125 0.027012
 0.821459 0.080939 0.076947 0.020655

MOTIF 10-CRAGGTCA STREME-10
letter-probability matrix: alength= 4 w= 8 nsites= 11947 E= 3.2e-008
 0.115250 0.668519 0.058159 0.158072
 0.531282 0.035907 0.394196 0.038616
 0.942747 0.013242 0.043941 0.000071
 0.025964 0.032681 0.935307 0.006048
 0.207907 0.000049 0.768040 0.024004
 0.020999 0.000049 0.012560 0.966392
 0.021364 0.907414 0.044166 0.027056
 0.829936 0.000049 0.165264 0.004752

********************************************************************************
Stopped because maximum number of motifs (10) reached.
********************************************************************************
COMMAND:	streme --o GATA3_without_motifs_123456_78_181bpwindow_streme_output --nmotifs 10 --objfun de --bfile hg38_bkgrnd.txt --dna --minw 4 --maxw 20 --p without_motifs_123456_78_181bpwindow.fasta
********************************************************************************
CPU:		xanadu-73
********************************************************************************
FINALTIME:	2759.25 seconds
********************************************************************************
